-1.8750000745e-02 -1.8750000745e-02 8.1249997020e-02 8.1249997020e-02
-3.9460681379e-02 -1.1017136276e-01 1.0196068138e-01 1.7267136276e-01
-1.1017136276e-01 -3.9460681379e-02 1.7267136276e-01 1.0196068138e-01
-1.8750000745e-02 4.3749999255e-02 8.1249997020e-02 1.4374999702e-01
-3.9460681379e-02 -4.7671362758e-02 1.0196068138e-01 2.3517136276e-01
-1.1017136276e-01 2.3039318621e-02 1.7267136276e-01 1.6446068883e-01
-1.8750000745e-02 1.0625000298e-01 8.1249997020e-02 2.0624999702e-01
-3.9460681379e-02 1.4828637242e-02 1.0196068138e-01 2.9767137766e-01
-1.1017136276e-01 8.5539318621e-02 1.7267136276e-01 2.2696068883e-01
-1.8750000745e-02 1.6875000298e-01 8.1249997020e-02 2.6875001192e-01
-3.9460681379e-02 7.7328637242e-02 1.0196068138e-01 3.6017137766e-01
-1.1017136276e-01 1.4803931117e-01 1.7267136276e-01 2.8946068883e-01
-1.8750000745e-02 2.3125000298e-01 8.1249997020e-02 3.3125001192e-01
-3.9460681379e-02 1.3982863724e-01 1.0196068138e-01 4.2267137766e-01
-1.1017136276e-01 2.1053931117e-01 1.7267136276e-01 3.5196068883e-01
-1.8750000745e-02 2.9374998808e-01 8.1249997020e-02 3.9375001192e-01
-3.9460681379e-02 2.0232863724e-01 1.0196068138e-01 4.8517137766e-01
-1.1017136276e-01 2.7303931117e-01 1.7267136276e-01 4.1446068883e-01
-1.8750000745e-02 3.5624998808e-01 8.1249997020e-02 4.5625001192e-01
-3.9460681379e-02 2.6482862234e-01 1.0196068138e-01 5.4767137766e-01
-1.1017136276e-01 3.3553931117e-01 1.7267136276e-01 4.7696068883e-01
-1.8750000745e-02 4.1874998808e-01 8.1249997020e-02 5.1875001192e-01
-3.9460681379e-02 3.2732862234e-01 1.0196068138e-01 6.1017137766e-01
-1.1017136276e-01 3.9803931117e-01 1.7267136276e-01 5.3946065903e-01
-1.8750000745e-02 4.8124998808e-01 8.1249997020e-02 5.8125001192e-01
-3.9460681379e-02 3.8982862234e-01 1.0196068138e-01 6.7267137766e-01
-1.1017136276e-01 4.6053931117e-01 1.7267136276e-01 6.0196065903e-01
-1.8750000745e-02 5.4374998808e-01 8.1249997020e-02 6.4375001192e-01
-3.9460681379e-02 4.5232862234e-01 1.0196068138e-01 7.3517137766e-01
-1.1017136276e-01 5.2303934097e-01 1.7267136276e-01 6.6446065903e-01
-1.8750000745e-02 6.0624998808e-01 8.1249997020e-02 7.0625001192e-01
-3.9460681379e-02 5.1482862234e-01 1.0196068138e-01 7.9767137766e-01
-1.1017136276e-01 5.8553934097e-01 1.7267136276e-01 7.2696065903e-01
-1.8750000745e-02 6.6874998808e-01 8.1249997020e-02 7.6875001192e-01
-3.9460681379e-02 5.7732862234e-01 1.0196068138e-01 8.6017137766e-01
-1.1017136276e-01 6.4803934097e-01 1.7267136276e-01 7.8946065903e-01
-1.8750000745e-02 7.3124998808e-01 8.1249997020e-02 8.3125001192e-01
-3.9460681379e-02 6.3982862234e-01 1.0196068138e-01 9.2267137766e-01
-1.1017136276e-01 7.1053934097e-01 1.7267136276e-01 8.5196065903e-01
-1.8750000745e-02 7.9374998808e-01 8.1249997020e-02 8.9375001192e-01
-3.9460681379e-02 7.0232862234e-01 1.0196068138e-01 9.8517137766e-01
-1.1017136276e-01 7.7303934097e-01 1.7267136276e-01 9.1446065903e-01
-1.8750000745e-02 8.5624998808e-01 8.1249997020e-02 9.5625001192e-01
-3.9460681379e-02 7.6482862234e-01 1.0196068138e-01 1.0476713181e+00
-1.1017136276e-01 8.3553934097e-01 1.7267136276e-01 9.7696065903e-01
-1.8750000745e-02 9.1874998808e-01 8.1249997020e-02 1.0187499523e+00
-3.9460681379e-02 8.2732862234e-01 1.0196068138e-01 1.1101713181e+00
-1.1017136276e-01 8.9803934097e-01 1.7267136276e-01 1.0394606590e+00
4.3749999255e-02 -1.8750000745e-02 1.4374999702e-01 8.1249997020e-02
2.3039318621e-02 -1.1017136276e-01 1.6446068883e-01 1.7267136276e-01
-4.7671362758e-02 -3.9460681379e-02 2.3517136276e-01 1.0196068138e-01
4.3749999255e-02 4.3749999255e-02 1.4374999702e-01 1.4374999702e-01
2.3039318621e-02 -4.7671362758e-02 1.6446068883e-01 2.3517136276e-01
-4.7671362758e-02 2.3039318621e-02 2.3517136276e-01 1.6446068883e-01
4.3749999255e-02 1.0625000298e-01 1.4374999702e-01 2.0624999702e-01
2.3039318621e-02 1.4828637242e-02 1.6446068883e-01 2.9767137766e-01
-4.7671362758e-02 8.5539318621e-02 2.3517136276e-01 2.2696068883e-01
4.3749999255e-02 1.6875000298e-01 1.4374999702e-01 2.6875001192e-01
2.3039318621e-02 7.7328637242e-02 1.6446068883e-01 3.6017137766e-01
-4.7671362758e-02 1.4803931117e-01 2.3517136276e-01 2.8946068883e-01
4.3749999255e-02 2.3125000298e-01 1.4374999702e-01 3.3125001192e-01
2.3039318621e-02 1.3982863724e-01 1.6446068883e-01 4.2267137766e-01
-4.7671362758e-02 2.1053931117e-01 2.3517136276e-01 3.5196068883e-01
4.3749999255e-02 2.9374998808e-01 1.4374999702e-01 3.9375001192e-01
2.3039318621e-02 2.0232863724e-01 1.6446068883e-01 4.8517137766e-01
-4.7671362758e-02 2.7303931117e-01 2.3517136276e-01 4.1446068883e-01
4.3749999255e-02 3.5624998808e-01 1.4374999702e-01 4.5625001192e-01
2.3039318621e-02 2.6482862234e-01 1.6446068883e-01 5.4767137766e-01
-4.7671362758e-02 3.3553931117e-01 2.3517136276e-01 4.7696068883e-01
4.3749999255e-02 4.1874998808e-01 1.4374999702e-01 5.1875001192e-01
2.3039318621e-02 3.2732862234e-01 1.6446068883e-01 6.1017137766e-01
-4.7671362758e-02 3.9803931117e-01 2.3517136276e-01 5.3946065903e-01
4.3749999255e-02 4.8124998808e-01 1.4374999702e-01 5.8125001192e-01
2.3039318621e-02 3.8982862234e-01 1.6446068883e-01 6.7267137766e-01
-4.7671362758e-02 4.6053931117e-01 2.3517136276e-01 6.0196065903e-01
4.3749999255e-02 5.4374998808e-01 1.4374999702e-01 6.4375001192e-01
2.3039318621e-02 4.5232862234e-01 1.6446068883e-01 7.3517137766e-01
-4.7671362758e-02 5.2303934097e-01 2.3517136276e-01 6.6446065903e-01
4.3749999255e-02 6.0624998808e-01 1.4374999702e-01 7.0625001192e-01
2.3039318621e-02 5.1482862234e-01 1.6446068883e-01 7.9767137766e-01
-4.7671362758e-02 5.8553934097e-01 2.3517136276e-01 7.2696065903e-01
4.3749999255e-02 6.6874998808e-01 1.4374999702e-01 7.6875001192e-01
2.3039318621e-02 5.7732862234e-01 1.6446068883e-01 8.6017137766e-01
-4.7671362758e-02 6.4803934097e-01 2.3517136276e-01 7.8946065903e-01
4.3749999255e-02 7.3124998808e-01 1.4374999702e-01 8.3125001192e-01
2.3039318621e-02 6.3982862234e-01 1.6446068883e-01 9.2267137766e-01
-4.7671362758e-02 7.1053934097e-01 2.3517136276e-01 8.5196065903e-01
4.3749999255e-02 7.9374998808e-01 1.4374999702e-01 8.9375001192e-01
2.3039318621e-02 7.0232862234e-01 1.6446068883e-01 9.8517137766e-01
-4.7671362758e-02 7.7303934097e-01 2.3517136276e-01 9.1446065903e-01
4.3749999255e-02 8.5624998808e-01 1.4374999702e-01 9.5625001192e-01
2.3039318621e-02 7.6482862234e-01 1.6446068883e-01 1.0476713181e+00
-4.7671362758e-02 8.3553934097e-01 2.3517136276e-01 9.7696065903e-01
4.3749999255e-02 9.1874998808e-01 1.4374999702e-01 1.0187499523e+00
2.3039318621e-02 8.2732862234e-01 1.6446068883e-01 1.1101713181e+00
-4.7671362758e-02 8.9803934097e-01 2.3517136276e-01 1.0394606590e+00
1.0625000298e-01 -1.8750000745e-02 2.0624999702e-01 8.1249997020e-02
8.5539318621e-02 -1.1017136276e-01 2.2696068883e-01 1.7267136276e-01
1.4828637242e-02 -3.9460681379e-02 2.9767137766e-01 1.0196068138e-01
1.0625000298e-01 4.3749999255e-02 2.0624999702e-01 1.4374999702e-01
8.5539318621e-02 -4.7671362758e-02 2.2696068883e-01 2.3517136276e-01
1.4828637242e-02 2.3039318621e-02 2.9767137766e-01 1.6446068883e-01
1.0625000298e-01 1.0625000298e-01 2.0624999702e-01 2.0624999702e-01
8.5539318621e-02 1.4828637242e-02 2.2696068883e-01 2.9767137766e-01
1.4828637242e-02 8.5539318621e-02 2.9767137766e-01 2.2696068883e-01
1.0625000298e-01 1.6875000298e-01 2.0624999702e-01 2.6875001192e-01
8.5539318621e-02 7.7328637242e-02 2.2696068883e-01 3.6017137766e-01
1.4828637242e-02 1.4803931117e-01 2.9767137766e-01 2.8946068883e-01
1.0625000298e-01 2.3125000298e-01 2.0624999702e-01 3.3125001192e-01
8.5539318621e-02 1.3982863724e-01 2.2696068883e-01 4.2267137766e-01
1.4828637242e-02 2.1053931117e-01 2.9767137766e-01 3.5196068883e-01
1.0625000298e-01 2.9374998808e-01 2.0624999702e-01 3.9375001192e-01
8.5539318621e-02 2.0232863724e-01 2.2696068883e-01 4.8517137766e-01
1.4828637242e-02 2.7303931117e-01 2.9767137766e-01 4.1446068883e-01
1.0625000298e-01 3.5624998808e-01 2.0624999702e-01 4.5625001192e-01
8.5539318621e-02 2.6482862234e-01 2.2696068883e-01 5.4767137766e-01
1.4828637242e-02 3.3553931117e-01 2.9767137766e-01 4.7696068883e-01
1.0625000298e-01 4.1874998808e-01 2.0624999702e-01 5.1875001192e-01
8.5539318621e-02 3.2732862234e-01 2.2696068883e-01 6.1017137766e-01
1.4828637242e-02 3.9803931117e-01 2.9767137766e-01 5.3946065903e-01
1.0625000298e-01 4.8124998808e-01 2.0624999702e-01 5.8125001192e-01
8.5539318621e-02 3.8982862234e-01 2.2696068883e-01 6.7267137766e-01
1.4828637242e-02 4.6053931117e-01 2.9767137766e-01 6.0196065903e-01
1.0625000298e-01 5.4374998808e-01 2.0624999702e-01 6.4375001192e-01
8.5539318621e-02 4.5232862234e-01 2.2696068883e-01 7.3517137766e-01
1.4828637242e-02 5.2303934097e-01 2.9767137766e-01 6.6446065903e-01
1.0625000298e-01 6.0624998808e-01 2.0624999702e-01 7.0625001192e-01
8.5539318621e-02 5.1482862234e-01 2.2696068883e-01 7.9767137766e-01
1.4828637242e-02 5.8553934097e-01 2.9767137766e-01 7.2696065903e-01
1.0625000298e-01 6.6874998808e-01 2.0624999702e-01 7.6875001192e-01
8.5539318621e-02 5.7732862234e-01 2.2696068883e-01 8.6017137766e-01
1.4828637242e-02 6.4803934097e-01 2.9767137766e-01 7.8946065903e-01
1.0625000298e-01 7.3124998808e-01 2.0624999702e-01 8.3125001192e-01
8.5539318621e-02 6.3982862234e-01 2.2696068883e-01 9.2267137766e-01
1.4828637242e-02 7.1053934097e-01 2.9767137766e-01 8.5196065903e-01
1.0625000298e-01 7.9374998808e-01 2.0624999702e-01 8.9375001192e-01
8.5539318621e-02 7.0232862234e-01 2.2696068883e-01 9.8517137766e-01
1.4828637242e-02 7.7303934097e-01 2.9767137766e-01 9.1446065903e-01
1.0625000298e-01 8.5624998808e-01 2.0624999702e-01 9.5625001192e-01
8.5539318621e-02 7.6482862234e-01 2.2696068883e-01 1.0476713181e+00
1.4828637242e-02 8.3553934097e-01 2.9767137766e-01 9.7696065903e-01
1.0625000298e-01 9.1874998808e-01 2.0624999702e-01 1.0187499523e+00
8.5539318621e-02 8.2732862234e-01 2.2696068883e-01 1.1101713181e+00
1.4828637242e-02 8.9803934097e-01 2.9767137766e-01 1.0394606590e+00
1.6875000298e-01 -1.8750000745e-02 2.6875001192e-01 8.1249997020e-02
1.4803931117e-01 -1.1017136276e-01 2.8946068883e-01 1.7267136276e-01
7.7328637242e-02 -3.9460681379e-02 3.6017137766e-01 1.0196068138e-01
1.6875000298e-01 4.3749999255e-02 2.6875001192e-01 1.4374999702e-01
1.4803931117e-01 -4.7671362758e-02 2.8946068883e-01 2.3517136276e-01
7.7328637242e-02 2.3039318621e-02 3.6017137766e-01 1.6446068883e-01
1.6875000298e-01 1.0625000298e-01 2.6875001192e-01 2.0624999702e-01
1.4803931117e-01 1.4828637242e-02 2.8946068883e-01 2.9767137766e-01
7.7328637242e-02 8.5539318621e-02 3.6017137766e-01 2.2696068883e-01
1.6875000298e-01 1.6875000298e-01 2.6875001192e-01 2.6875001192e-01
1.4803931117e-01 7.7328637242e-02 2.8946068883e-01 3.6017137766e-01
7.7328637242e-02 1.4803931117e-01 3.6017137766e-01 2.8946068883e-01
1.6875000298e-01 2.3125000298e-01 2.6875001192e-01 3.3125001192e-01
1.4803931117e-01 1.3982863724e-01 2.8946068883e-01 4.2267137766e-01
7.7328637242e-02 2.1053931117e-01 3.6017137766e-01 3.5196068883e-01
1.6875000298e-01 2.9374998808e-01 2.6875001192e-01 3.9375001192e-01
1.4803931117e-01 2.0232863724e-01 2.8946068883e-01 4.8517137766e-01
7.7328637242e-02 2.7303931117e-01 3.6017137766e-01 4.1446068883e-01
1.6875000298e-01 3.5624998808e-01 2.6875001192e-01 4.5625001192e-01
1.4803931117e-01 2.6482862234e-01 2.8946068883e-01 5.4767137766e-01
7.7328637242e-02 3.3553931117e-01 3.6017137766e-01 4.7696068883e-01
1.6875000298e-01 4.1874998808e-01 2.6875001192e-01 5.1875001192e-01
1.4803931117e-01 3.2732862234e-01 2.8946068883e-01 6.1017137766e-01
7.7328637242e-02 3.9803931117e-01 3.6017137766e-01 5.3946065903e-01
1.6875000298e-01 4.8124998808e-01 2.6875001192e-01 5.8125001192e-01
1.4803931117e-01 3.8982862234e-01 2.8946068883e-01 6.7267137766e-01
7.7328637242e-02 4.6053931117e-01 3.6017137766e-01 6.0196065903e-01
1.6875000298e-01 5.4374998808e-01 2.6875001192e-01 6.4375001192e-01
1.4803931117e-01 4.5232862234e-01 2.8946068883e-01 7.3517137766e-01
7.7328637242e-02 5.2303934097e-01 3.6017137766e-01 6.6446065903e-01
1.6875000298e-01 6.0624998808e-01 2.6875001192e-01 7.0625001192e-01
1.4803931117e-01 5.1482862234e-01 2.8946068883e-01 7.9767137766e-01
7.7328637242e-02 5.8553934097e-01 3.6017137766e-01 7.2696065903e-01
1.6875000298e-01 6.6874998808e-01 2.6875001192e-01 7.6875001192e-01
1.4803931117e-01 5.7732862234e-01 2.8946068883e-01 8.6017137766e-01
7.7328637242e-02 6.4803934097e-01 3.6017137766e-01 7.8946065903e-01
1.6875000298e-01 7.3124998808e-01 2.6875001192e-01 8.3125001192e-01
1.4803931117e-01 6.3982862234e-01 2.8946068883e-01 9.2267137766e-01
7.7328637242e-02 7.1053934097e-01 3.6017137766e-01 8.5196065903e-01
1.6875000298e-01 7.9374998808e-01 2.6875001192e-01 8.9375001192e-01
1.4803931117e-01 7.0232862234e-01 2.8946068883e-01 9.8517137766e-01
7.7328637242e-02 7.7303934097e-01 3.6017137766e-01 9.1446065903e-01
1.6875000298e-01 8.5624998808e-01 2.6875001192e-01 9.5625001192e-01
1.4803931117e-01 7.6482862234e-01 2.8946068883e-01 1.0476713181e+00
7.7328637242e-02 8.3553934097e-01 3.6017137766e-01 9.7696065903e-01
1.6875000298e-01 9.1874998808e-01 2.6875001192e-01 1.0187499523e+00
1.4803931117e-01 8.2732862234e-01 2.8946068883e-01 1.1101713181e+00
7.7328637242e-02 8.9803934097e-01 3.6017137766e-01 1.0394606590e+00
2.3125000298e-01 -1.8750000745e-02 3.3125001192e-01 8.1249997020e-02
2.1053931117e-01 -1.1017136276e-01 3.5196068883e-01 1.7267136276e-01
1.3982863724e-01 -3.9460681379e-02 4.2267137766e-01 1.0196068138e-01
2.3125000298e-01 4.3749999255e-02 3.3125001192e-01 1.4374999702e-01
2.1053931117e-01 -4.7671362758e-02 3.5196068883e-01 2.3517136276e-01
1.3982863724e-01 2.3039318621e-02 4.2267137766e-01 1.6446068883e-01
2.3125000298e-01 1.0625000298e-01 3.3125001192e-01 2.0624999702e-01
2.1053931117e-01 1.4828637242e-02 3.5196068883e-01 2.9767137766e-01
1.3982863724e-01 8.5539318621e-02 4.2267137766e-01 2.2696068883e-01
2.3125000298e-01 1.6875000298e-01 3.3125001192e-01 2.6875001192e-01
2.1053931117e-01 7.7328637242e-02 3.5196068883e-01 3.6017137766e-01
1.3982863724e-01 1.4803931117e-01 4.2267137766e-01 2.8946068883e-01
2.3125000298e-01 2.3125000298e-01 3.3125001192e-01 3.3125001192e-01
2.1053931117e-01 1.3982863724e-01 3.5196068883e-01 4.2267137766e-01
1.3982863724e-01 2.1053931117e-01 4.2267137766e-01 3.5196068883e-01
2.3125000298e-01 2.9374998808e-01 3.3125001192e-01 3.9375001192e-01
2.1053931117e-01 2.0232863724e-01 3.5196068883e-01 4.8517137766e-01
1.3982863724e-01 2.7303931117e-01 4.2267137766e-01 4.1446068883e-01
2.3125000298e-01 3.5624998808e-01 3.3125001192e-01 4.5625001192e-01
2.1053931117e-01 2.6482862234e-01 3.5196068883e-01 5.4767137766e-01
1.3982863724e-01 3.3553931117e-01 4.2267137766e-01 4.7696068883e-01
2.3125000298e-01 4.1874998808e-01 3.3125001192e-01 5.1875001192e-01
2.1053931117e-01 3.2732862234e-01 3.5196068883e-01 6.1017137766e-01
1.3982863724e-01 3.9803931117e-01 4.2267137766e-01 5.3946065903e-01
2.3125000298e-01 4.8124998808e-01 3.3125001192e-01 5.8125001192e-01
2.1053931117e-01 3.8982862234e-01 3.5196068883e-01 6.7267137766e-01
1.3982863724e-01 4.6053931117e-01 4.2267137766e-01 6.0196065903e-01
2.3125000298e-01 5.4374998808e-01 3.3125001192e-01 6.4375001192e-01
2.1053931117e-01 4.5232862234e-01 3.5196068883e-01 7.3517137766e-01
1.3982863724e-01 5.2303934097e-01 4.2267137766e-01 6.6446065903e-01
2.3125000298e-01 6.0624998808e-01 3.3125001192e-01 7.0625001192e-01
2.1053931117e-01 5.1482862234e-01 3.5196068883e-01 7.9767137766e-01
1.3982863724e-01 5.8553934097e-01 4.2267137766e-01 7.2696065903e-01
2.3125000298e-01 6.6874998808e-01 3.3125001192e-01 7.6875001192e-01
2.1053931117e-01 5.7732862234e-01 3.5196068883e-01 8.6017137766e-01
1.3982863724e-01 6.4803934097e-01 4.2267137766e-01 7.8946065903e-01
2.3125000298e-01 7.3124998808e-01 3.3125001192e-01 8.3125001192e-01
2.1053931117e-01 6.3982862234e-01 3.5196068883e-01 9.2267137766e-01
1.3982863724e-01 7.1053934097e-01 4.2267137766e-01 8.5196065903e-01
2.3125000298e-01 7.9374998808e-01 3.3125001192e-01 8.9375001192e-01
2.1053931117e-01 7.0232862234e-01 3.5196068883e-01 9.8517137766e-01
1.3982863724e-01 7.7303934097e-01 4.2267137766e-01 9.1446065903e-01
2.3125000298e-01 8.5624998808e-01 3.3125001192e-01 9.5625001192e-01
2.1053931117e-01 7.6482862234e-01 3.5196068883e-01 1.0476713181e+00
1.3982863724e-01 8.3553934097e-01 4.2267137766e-01 9.7696065903e-01
2.3125000298e-01 9.1874998808e-01 3.3125001192e-01 1.0187499523e+00
2.1053931117e-01 8.2732862234e-01 3.5196068883e-01 1.1101713181e+00
1.3982863724e-01 8.9803934097e-01 4.2267137766e-01 1.0394606590e+00
2.9374998808e-01 -1.8750000745e-02 3.9375001192e-01 8.1249997020e-02
2.7303931117e-01 -1.1017136276e-01 4.1446068883e-01 1.7267136276e-01
2.0232863724e-01 -3.9460681379e-02 4.8517137766e-01 1.0196068138e-01
2.9374998808e-01 4.3749999255e-02 3.9375001192e-01 1.4374999702e-01
2.7303931117e-01 -4.7671362758e-02 4.1446068883e-01 2.3517136276e-01
2.0232863724e-01 2.3039318621e-02 4.8517137766e-01 1.6446068883e-01
2.9374998808e-01 1.0625000298e-01 3.9375001192e-01 2.0624999702e-01
2.7303931117e-01 1.4828637242e-02 4.1446068883e-01 2.9767137766e-01
2.0232863724e-01 8.5539318621e-02 4.8517137766e-01 2.2696068883e-01
2.9374998808e-01 1.6875000298e-01 3.9375001192e-01 2.6875001192e-01
2.7303931117e-01 7.7328637242e-02 4.1446068883e-01 3.6017137766e-01
2.0232863724e-01 1.4803931117e-01 4.8517137766e-01 2.8946068883e-01
2.9374998808e-01 2.3125000298e-01 3.9375001192e-01 3.3125001192e-01
2.7303931117e-01 1.3982863724e-01 4.1446068883e-01 4.2267137766e-01
2.0232863724e-01 2.1053931117e-01 4.8517137766e-01 3.5196068883e-01
2.9374998808e-01 2.9374998808e-01 3.9375001192e-01 3.9375001192e-01
2.7303931117e-01 2.0232863724e-01 4.1446068883e-01 4.8517137766e-01
2.0232863724e-01 2.7303931117e-01 4.8517137766e-01 4.1446068883e-01
2.9374998808e-01 3.5624998808e-01 3.9375001192e-01 4.5625001192e-01
2.7303931117e-01 2.6482862234e-01 4.1446068883e-01 5.4767137766e-01
2.0232863724e-01 3.3553931117e-01 4.8517137766e-01 4.7696068883e-01
2.9374998808e-01 4.1874998808e-01 3.9375001192e-01 5.1875001192e-01
2.7303931117e-01 3.2732862234e-01 4.1446068883e-01 6.1017137766e-01
2.0232863724e-01 3.9803931117e-01 4.8517137766e-01 5.3946065903e-01
2.9374998808e-01 4.8124998808e-01 3.9375001192e-01 5.8125001192e-01
2.7303931117e-01 3.8982862234e-01 4.1446068883e-01 6.7267137766e-01
2.0232863724e-01 4.6053931117e-01 4.8517137766e-01 6.0196065903e-01
2.9374998808e-01 5.4374998808e-01 3.9375001192e-01 6.4375001192e-01
2.7303931117e-01 4.5232862234e-01 4.1446068883e-01 7.3517137766e-01
2.0232863724e-01 5.2303934097e-01 4.8517137766e-01 6.6446065903e-01
2.9374998808e-01 6.0624998808e-01 3.9375001192e-01 7.0625001192e-01
2.7303931117e-01 5.1482862234e-01 4.1446068883e-01 7.9767137766e-01
2.0232863724e-01 5.8553934097e-01 4.8517137766e-01 7.2696065903e-01
2.9374998808e-01 6.6874998808e-01 3.9375001192e-01 7.6875001192e-01
2.7303931117e-01 5.7732862234e-01 4.1446068883e-01 8.6017137766e-01
2.0232863724e-01 6.4803934097e-01 4.8517137766e-01 7.8946065903e-01
2.9374998808e-01 7.3124998808e-01 3.9375001192e-01 8.3125001192e-01
2.7303931117e-01 6.3982862234e-01 4.1446068883e-01 9.2267137766e-01
2.0232863724e-01 7.1053934097e-01 4.8517137766e-01 8.5196065903e-01
2.9374998808e-01 7.9374998808e-01 3.9375001192e-01 8.9375001192e-01
2.7303931117e-01 7.0232862234e-01 4.1446068883e-01 9.8517137766e-01
2.0232863724e-01 7.7303934097e-01 4.8517137766e-01 9.1446065903e-01
2.9374998808e-01 8.5624998808e-01 3.9375001192e-01 9.5625001192e-01
2.7303931117e-01 7.6482862234e-01 4.1446068883e-01 1.0476713181e+00
2.0232863724e-01 8.3553934097e-01 4.8517137766e-01 9.7696065903e-01
2.9374998808e-01 9.1874998808e-01 3.9375001192e-01 1.0187499523e+00
2.7303931117e-01 8.2732862234e-01 4.1446068883e-01 1.1101713181e+00
2.0232863724e-01 8.9803934097e-01 4.8517137766e-01 1.0394606590e+00
3.5624998808e-01 -1.8750000745e-02 4.5625001192e-01 8.1249997020e-02
3.3553931117e-01 -1.1017136276e-01 4.7696068883e-01 1.7267136276e-01
2.6482862234e-01 -3.9460681379e-02 5.4767137766e-01 1.0196068138e-01
3.5624998808e-01 4.3749999255e-02 4.5625001192e-01 1.4374999702e-01
3.3553931117e-01 -4.7671362758e-02 4.7696068883e-01 2.3517136276e-01
2.6482862234e-01 2.3039318621e-02 5.4767137766e-01 1.6446068883e-01
3.5624998808e-01 1.0625000298e-01 4.5625001192e-01 2.0624999702e-01
3.3553931117e-01 1.4828637242e-02 4.7696068883e-01 2.9767137766e-01
2.6482862234e-01 8.5539318621e-02 5.4767137766e-01 2.2696068883e-01
3.5624998808e-01 1.6875000298e-01 4.5625001192e-01 2.6875001192e-01
3.3553931117e-01 7.7328637242e-02 4.7696068883e-01 3.6017137766e-01
2.6482862234e-01 1.4803931117e-01 5.4767137766e-01 2.8946068883e-01
3.5624998808e-01 2.3125000298e-01 4.5625001192e-01 3.3125001192e-01
3.3553931117e-01 1.3982863724e-01 4.7696068883e-01 4.2267137766e-01
2.6482862234e-01 2.1053931117e-01 5.4767137766e-01 3.5196068883e-01
3.5624998808e-01 2.9374998808e-01 4.5625001192e-01 3.9375001192e-01
3.3553931117e-01 2.0232863724e-01 4.7696068883e-01 4.8517137766e-01
2.6482862234e-01 2.7303931117e-01 5.4767137766e-01 4.1446068883e-01
3.5624998808e-01 3.5624998808e-01 4.5625001192e-01 4.5625001192e-01
3.3553931117e-01 2.6482862234e-01 4.7696068883e-01 5.4767137766e-01
2.6482862234e-01 3.3553931117e-01 5.4767137766e-01 4.7696068883e-01
3.5624998808e-01 4.1874998808e-01 4.5625001192e-01 5.1875001192e-01
3.3553931117e-01 3.2732862234e-01 4.7696068883e-01 6.1017137766e-01
2.6482862234e-01 3.9803931117e-01 5.4767137766e-01 5.3946065903e-01
3.5624998808e-01 4.8124998808e-01 4.5625001192e-01 5.8125001192e-01
3.3553931117e-01 3.8982862234e-01 4.7696068883e-01 6.7267137766e-01
2.6482862234e-01 4.6053931117e-01 5.4767137766e-01 6.0196065903e-01
3.5624998808e-01 5.4374998808e-01 4.5625001192e-01 6.4375001192e-01
3.3553931117e-01 4.5232862234e-01 4.7696068883e-01 7.3517137766e-01
2.6482862234e-01 5.2303934097e-01 5.4767137766e-01 6.6446065903e-01
3.5624998808e-01 6.0624998808e-01 4.5625001192e-01 7.0625001192e-01
3.3553931117e-01 5.1482862234e-01 4.7696068883e-01 7.9767137766e-01
2.6482862234e-01 5.8553934097e-01 5.4767137766e-01 7.2696065903e-01
3.5624998808e-01 6.6874998808e-01 4.5625001192e-01 7.6875001192e-01
3.3553931117e-01 5.7732862234e-01 4.7696068883e-01 8.6017137766e-01
2.6482862234e-01 6.4803934097e-01 5.4767137766e-01 7.8946065903e-01
3.5624998808e-01 7.3124998808e-01 4.5625001192e-01 8.3125001192e-01
3.3553931117e-01 6.3982862234e-01 4.7696068883e-01 9.2267137766e-01
2.6482862234e-01 7.1053934097e-01 5.4767137766e-01 8.5196065903e-01
3.5624998808e-01 7.9374998808e-01 4.5625001192e-01 8.9375001192e-01
3.3553931117e-01 7.0232862234e-01 4.7696068883e-01 9.8517137766e-01
2.6482862234e-01 7.7303934097e-01 5.4767137766e-01 9.1446065903e-01
3.5624998808e-01 8.5624998808e-01 4.5625001192e-01 9.5625001192e-01
3.3553931117e-01 7.6482862234e-01 4.7696068883e-01 1.0476713181e+00
2.6482862234e-01 8.3553934097e-01 5.4767137766e-01 9.7696065903e-01
3.5624998808e-01 9.1874998808e-01 4.5625001192e-01 1.0187499523e+00
3.3553931117e-01 8.2732862234e-01 4.7696068883e-01 1.1101713181e+00
2.6482862234e-01 8.9803934097e-01 5.4767137766e-01 1.0394606590e+00
4.1874998808e-01 -1.8750000745e-02 5.1875001192e-01 8.1249997020e-02
3.9803931117e-01 -1.1017136276e-01 5.3946065903e-01 1.7267136276e-01
3.2732862234e-01 -3.9460681379e-02 6.1017137766e-01 1.0196068138e-01
4.1874998808e-01 4.3749999255e-02 5.1875001192e-01 1.4374999702e-01
3.9803931117e-01 -4.7671362758e-02 5.3946065903e-01 2.3517136276e-01
3.2732862234e-01 2.3039318621e-02 6.1017137766e-01 1.6446068883e-01
4.1874998808e-01 1.0625000298e-01 5.1875001192e-01 2.0624999702e-01
3.9803931117e-01 1.4828637242e-02 5.3946065903e-01 2.9767137766e-01
3.2732862234e-01 8.5539318621e-02 6.1017137766e-01 2.2696068883e-01
4.1874998808e-01 1.6875000298e-01 5.1875001192e-01 2.6875001192e-01
3.9803931117e-01 7.7328637242e-02 5.3946065903e-01 3.6017137766e-01
3.2732862234e-01 1.4803931117e-01 6.1017137766e-01 2.8946068883e-01
4.1874998808e-01 2.3125000298e-01 5.1875001192e-01 3.3125001192e-01
3.9803931117e-01 1.3982863724e-01 5.3946065903e-01 4.2267137766e-01
3.2732862234e-01 2.1053931117e-01 6.1017137766e-01 3.5196068883e-01
4.1874998808e-01 2.9374998808e-01 5.1875001192e-01 3.9375001192e-01
3.9803931117e-01 2.0232863724e-01 5.3946065903e-01 4.8517137766e-01
3.2732862234e-01 2.7303931117e-01 6.1017137766e-01 4.1446068883e-01
4.1874998808e-01 3.5624998808e-01 5.1875001192e-01 4.5625001192e-01
3.9803931117e-01 2.6482862234e-01 5.3946065903e-01 5.4767137766e-01
3.2732862234e-01 3.3553931117e-01 6.1017137766e-01 4.7696068883e-01
4.1874998808e-01 4.1874998808e-01 5.1875001192e-01 5.1875001192e-01
3.9803931117e-01 3.2732862234e-01 5.3946065903e-01 6.1017137766e-01
3.2732862234e-01 3.9803931117e-01 6.1017137766e-01 5.3946065903e-01
4.1874998808e-01 4.8124998808e-01 5.1875001192e-01 5.8125001192e-01
3.9803931117e-01 3.8982862234e-01 5.3946065903e-01 6.7267137766e-01
3.2732862234e-01 4.6053931117e-01 6.1017137766e-01 6.0196065903e-01
4.1874998808e-01 5.4374998808e-01 5.1875001192e-01 6.4375001192e-01
3.9803931117e-01 4.5232862234e-01 5.3946065903e-01 7.3517137766e-01
3.2732862234e-01 5.2303934097e-01 6.1017137766e-01 6.6446065903e-01
4.1874998808e-01 6.0624998808e-01 5.1875001192e-01 7.0625001192e-01
3.9803931117e-01 5.1482862234e-01 5.3946065903e-01 7.9767137766e-01
3.2732862234e-01 5.8553934097e-01 6.1017137766e-01 7.2696065903e-01
4.1874998808e-01 6.6874998808e-01 5.1875001192e-01 7.6875001192e-01
3.9803931117e-01 5.7732862234e-01 5.3946065903e-01 8.6017137766e-01
3.2732862234e-01 6.4803934097e-01 6.1017137766e-01 7.8946065903e-01
4.1874998808e-01 7.3124998808e-01 5.1875001192e-01 8.3125001192e-01
3.9803931117e-01 6.3982862234e-01 5.3946065903e-01 9.2267137766e-01
3.2732862234e-01 7.1053934097e-01 6.1017137766e-01 8.5196065903e-01
4.1874998808e-01 7.9374998808e-01 5.1875001192e-01 8.9375001192e-01
3.9803931117e-01 7.0232862234e-01 5.3946065903e-01 9.8517137766e-01
3.2732862234e-01 7.7303934097e-01 6.1017137766e-01 9.1446065903e-01
4.1874998808e-01 8.5624998808e-01 5.1875001192e-01 9.5625001192e-01
3.9803931117e-01 7.6482862234e-01 5.3946065903e-01 1.0476713181e+00
3.2732862234e-01 8.3553934097e-01 6.1017137766e-01 9.7696065903e-01
4.1874998808e-01 9.1874998808e-01 5.1875001192e-01 1.0187499523e+00
3.9803931117e-01 8.2732862234e-01 5.3946065903e-01 1.1101713181e+00
3.2732862234e-01 8.9803934097e-01 6.1017137766e-01 1.0394606590e+00
4.8124998808e-01 -1.8750000745e-02 5.8125001192e-01 8.1249997020e-02
4.6053931117e-01 -1.1017136276e-01 6.0196065903e-01 1.7267136276e-01
3.8982862234e-01 -3.9460681379e-02 6.7267137766e-01 1.0196068138e-01
4.8124998808e-01 4.3749999255e-02 5.8125001192e-01 1.4374999702e-01
4.6053931117e-01 -4.7671362758e-02 6.0196065903e-01 2.3517136276e-01
3.8982862234e-01 2.3039318621e-02 6.7267137766e-01 1.6446068883e-01
4.8124998808e-01 1.0625000298e-01 5.8125001192e-01 2.0624999702e-01
4.6053931117e-01 1.4828637242e-02 6.0196065903e-01 2.9767137766e-01
3.8982862234e-01 8.5539318621e-02 6.7267137766e-01 2.2696068883e-01
4.8124998808e-01 1.6875000298e-01 5.8125001192e-01 2.6875001192e-01
4.6053931117e-01 7.7328637242e-02 6.0196065903e-01 3.6017137766e-01
3.8982862234e-01 1.4803931117e-01 6.7267137766e-01 2.8946068883e-01
4.8124998808e-01 2.3125000298e-01 5.8125001192e-01 3.3125001192e-01
4.6053931117e-01 1.3982863724e-01 6.0196065903e-01 4.2267137766e-01
3.8982862234e-01 2.1053931117e-01 6.7267137766e-01 3.5196068883e-01
4.8124998808e-01 2.9374998808e-01 5.8125001192e-01 3.9375001192e-01
4.6053931117e-01 2.0232863724e-01 6.0196065903e-01 4.8517137766e-01
3.8982862234e-01 2.7303931117e-01 6.7267137766e-01 4.1446068883e-01
4.8124998808e-01 3.5624998808e-01 5.8125001192e-01 4.5625001192e-01
4.6053931117e-01 2.6482862234e-01 6.0196065903e-01 5.4767137766e-01
3.8982862234e-01 3.3553931117e-01 6.7267137766e-01 4.7696068883e-01
4.8124998808e-01 4.1874998808e-01 5.8125001192e-01 5.1875001192e-01
4.6053931117e-01 3.2732862234e-01 6.0196065903e-01 6.1017137766e-01
3.8982862234e-01 3.9803931117e-01 6.7267137766e-01 5.3946065903e-01
4.8124998808e-01 4.8124998808e-01 5.8125001192e-01 5.8125001192e-01
4.6053931117e-01 3.8982862234e-01 6.0196065903e-01 6.7267137766e-01
3.8982862234e-01 4.6053931117e-01 6.7267137766e-01 6.0196065903e-01
4.8124998808e-01 5.4374998808e-01 5.8125001192e-01 6.4375001192e-01
4.6053931117e-01 4.5232862234e-01 6.0196065903e-01 7.3517137766e-01
3.8982862234e-01 5.2303934097e-01 6.7267137766e-01 6.6446065903e-01
4.8124998808e-01 6.0624998808e-01 5.8125001192e-01 7.0625001192e-01
4.6053931117e-01 5.1482862234e-01 6.0196065903e-01 7.9767137766e-01
3.8982862234e-01 5.8553934097e-01 6.7267137766e-01 7.2696065903e-01
4.8124998808e-01 6.6874998808e-01 5.8125001192e-01 7.6875001192e-01
4.6053931117e-01 5.7732862234e-01 6.0196065903e-01 8.6017137766e-01
3.8982862234e-01 6.4803934097e-01 6.7267137766e-01 7.8946065903e-01
4.8124998808e-01 7.3124998808e-01 5.8125001192e-01 8.3125001192e-01
4.6053931117e-01 6.3982862234e-01 6.0196065903e-01 9.2267137766e-01
3.8982862234e-01 7.1053934097e-01 6.7267137766e-01 8.5196065903e-01
4.8124998808e-01 7.9374998808e-01 5.8125001192e-01 8.9375001192e-01
4.6053931117e-01 7.0232862234e-01 6.0196065903e-01 9.8517137766e-01
3.8982862234e-01 7.7303934097e-01 6.7267137766e-01 9.1446065903e-01
4.8124998808e-01 8.5624998808e-01 5.8125001192e-01 9.5625001192e-01
4.6053931117e-01 7.6482862234e-01 6.0196065903e-01 1.0476713181e+00
3.8982862234e-01 8.3553934097e-01 6.7267137766e-01 9.7696065903e-01
4.8124998808e-01 9.1874998808e-01 5.8125001192e-01 1.0187499523e+00
4.6053931117e-01 8.2732862234e-01 6.0196065903e-01 1.1101713181e+00
3.8982862234e-01 8.9803934097e-01 6.7267137766e-01 1.0394606590e+00
5.4374998808e-01 -1.8750000745e-02 6.4375001192e-01 8.1249997020e-02
5.2303934097e-01 -1.1017136276e-01 6.6446065903e-01 1.7267136276e-01
4.5232862234e-01 -3.9460681379e-02 7.3517137766e-01 1.0196068138e-01
5.4374998808e-01 4.3749999255e-02 6.4375001192e-01 1.4374999702e-01
5.2303934097e-01 -4.7671362758e-02 6.6446065903e-01 2.3517136276e-01
4.5232862234e-01 2.3039318621e-02 7.3517137766e-01 1.6446068883e-01
5.4374998808e-01 1.0625000298e-01 6.4375001192e-01 2.0624999702e-01
5.2303934097e-01 1.4828637242e-02 6.6446065903e-01 2.9767137766e-01
4.5232862234e-01 8.5539318621e-02 7.3517137766e-01 2.2696068883e-01
5.4374998808e-01 1.6875000298e-01 6.4375001192e-01 2.6875001192e-01
5.2303934097e-01 7.7328637242e-02 6.6446065903e-01 3.6017137766e-01
4.5232862234e-01 1.4803931117e-01 7.3517137766e-01 2.8946068883e-01
5.4374998808e-01 2.3125000298e-01 6.4375001192e-01 3.3125001192e-01
5.2303934097e-01 1.3982863724e-01 6.6446065903e-01 4.2267137766e-01
4.5232862234e-01 2.1053931117e-01 7.3517137766e-01 3.5196068883e-01
5.4374998808e-01 2.9374998808e-01 6.4375001192e-01 3.9375001192e-01
5.2303934097e-01 2.0232863724e-01 6.6446065903e-01 4.8517137766e-01
4.5232862234e-01 2.7303931117e-01 7.3517137766e-01 4.1446068883e-01
5.4374998808e-01 3.5624998808e-01 6.4375001192e-01 4.5625001192e-01
5.2303934097e-01 2.6482862234e-01 6.6446065903e-01 5.4767137766e-01
4.5232862234e-01 3.3553931117e-01 7.3517137766e-01 4.7696068883e-01
5.4374998808e-01 4.1874998808e-01 6.4375001192e-01 5.1875001192e-01
5.2303934097e-01 3.2732862234e-01 6.6446065903e-01 6.1017137766e-01
4.5232862234e-01 3.9803931117e-01 7.3517137766e-01 5.3946065903e-01
5.4374998808e-01 4.8124998808e-01 6.4375001192e-01 5.8125001192e-01
5.2303934097e-01 3.8982862234e-01 6.6446065903e-01 6.7267137766e-01
4.5232862234e-01 4.6053931117e-01 7.3517137766e-01 6.0196065903e-01
5.4374998808e-01 5.4374998808e-01 6.4375001192e-01 6.4375001192e-01
5.2303934097e-01 4.5232862234e-01 6.6446065903e-01 7.3517137766e-01
4.5232862234e-01 5.2303934097e-01 7.3517137766e-01 6.6446065903e-01
5.4374998808e-01 6.0624998808e-01 6.4375001192e-01 7.0625001192e-01
5.2303934097e-01 5.1482862234e-01 6.6446065903e-01 7.9767137766e-01
4.5232862234e-01 5.8553934097e-01 7.3517137766e-01 7.2696065903e-01
5.4374998808e-01 6.6874998808e-01 6.4375001192e-01 7.6875001192e-01
5.2303934097e-01 5.7732862234e-01 6.6446065903e-01 8.6017137766e-01
4.5232862234e-01 6.4803934097e-01 7.3517137766e-01 7.8946065903e-01
5.4374998808e-01 7.3124998808e-01 6.4375001192e-01 8.3125001192e-01
5.2303934097e-01 6.3982862234e-01 6.6446065903e-01 9.2267137766e-01
4.5232862234e-01 7.1053934097e-01 7.3517137766e-01 8.5196065903e-01
5.4374998808e-01 7.9374998808e-01 6.4375001192e-01 8.9375001192e-01
5.2303934097e-01 7.0232862234e-01 6.6446065903e-01 9.8517137766e-01
4.5232862234e-01 7.7303934097e-01 7.3517137766e-01 9.1446065903e-01
5.4374998808e-01 8.5624998808e-01 6.4375001192e-01 9.5625001192e-01
5.2303934097e-01 7.6482862234e-01 6.6446065903e-01 1.0476713181e+00
4.5232862234e-01 8.3553934097e-01 7.3517137766e-01 9.7696065903e-01
5.4374998808e-01 9.1874998808e-01 6.4375001192e-01 1.0187499523e+00
5.2303934097e-01 8.2732862234e-01 6.6446065903e-01 1.1101713181e+00
4.5232862234e-01 8.9803934097e-01 7.3517137766e-01 1.0394606590e+00
6.0624998808e-01 -1.8750000745e-02 7.0625001192e-01 8.1249997020e-02
5.8553934097e-01 -1.1017136276e-01 7.2696065903e-01 1.7267136276e-01
5.1482862234e-01 -3.9460681379e-02 7.9767137766e-01 1.0196068138e-01
6.0624998808e-01 4.3749999255e-02 7.0625001192e-01 1.4374999702e-01
5.8553934097e-01 -4.7671362758e-02 7.2696065903e-01 2.3517136276e-01
5.1482862234e-01 2.3039318621e-02 7.9767137766e-01 1.6446068883e-01
6.0624998808e-01 1.0625000298e-01 7.0625001192e-01 2.0624999702e-01
5.8553934097e-01 1.4828637242e-02 7.2696065903e-01 2.9767137766e-01
5.1482862234e-01 8.5539318621e-02 7.9767137766e-01 2.2696068883e-01
6.0624998808e-01 1.6875000298e-01 7.0625001192e-01 2.6875001192e-01
5.8553934097e-01 7.7328637242e-02 7.2696065903e-01 3.6017137766e-01
5.1482862234e-01 1.4803931117e-01 7.9767137766e-01 2.8946068883e-01
6.0624998808e-01 2.3125000298e-01 7.0625001192e-01 3.3125001192e-01
5.8553934097e-01 1.3982863724e-01 7.2696065903e-01 4.2267137766e-01
5.1482862234e-01 2.1053931117e-01 7.9767137766e-01 3.5196068883e-01
6.0624998808e-01 2.9374998808e-01 7.0625001192e-01 3.9375001192e-01
5.8553934097e-01 2.0232863724e-01 7.2696065903e-01 4.8517137766e-01
5.1482862234e-01 2.7303931117e-01 7.9767137766e-01 4.1446068883e-01
6.0624998808e-01 3.5624998808e-01 7.0625001192e-01 4.5625001192e-01
5.8553934097e-01 2.6482862234e-01 7.2696065903e-01 5.4767137766e-01
5.1482862234e-01 3.3553931117e-01 7.9767137766e-01 4.7696068883e-01
6.0624998808e-01 4.1874998808e-01 7.0625001192e-01 5.1875001192e-01
5.8553934097e-01 3.2732862234e-01 7.2696065903e-01 6.1017137766e-01
5.1482862234e-01 3.9803931117e-01 7.9767137766e-01 5.3946065903e-01
6.0624998808e-01 4.8124998808e-01 7.0625001192e-01 5.8125001192e-01
5.8553934097e-01 3.8982862234e-01 7.2696065903e-01 6.7267137766e-01
5.1482862234e-01 4.6053931117e-01 7.9767137766e-01 6.0196065903e-01
6.0624998808e-01 5.4374998808e-01 7.0625001192e-01 6.4375001192e-01
5.8553934097e-01 4.5232862234e-01 7.2696065903e-01 7.3517137766e-01
5.1482862234e-01 5.2303934097e-01 7.9767137766e-01 6.6446065903e-01
6.0624998808e-01 6.0624998808e-01 7.0625001192e-01 7.0625001192e-01
5.8553934097e-01 5.1482862234e-01 7.2696065903e-01 7.9767137766e-01
5.1482862234e-01 5.8553934097e-01 7.9767137766e-01 7.2696065903e-01
6.0624998808e-01 6.6874998808e-01 7.0625001192e-01 7.6875001192e-01
5.8553934097e-01 5.7732862234e-01 7.2696065903e-01 8.6017137766e-01
5.1482862234e-01 6.4803934097e-01 7.9767137766e-01 7.8946065903e-01
6.0624998808e-01 7.3124998808e-01 7.0625001192e-01 8.3125001192e-01
5.8553934097e-01 6.3982862234e-01 7.2696065903e-01 9.2267137766e-01
5.1482862234e-01 7.1053934097e-01 7.9767137766e-01 8.5196065903e-01
6.0624998808e-01 7.9374998808e-01 7.0625001192e-01 8.9375001192e-01
5.8553934097e-01 7.0232862234e-01 7.2696065903e-01 9.8517137766e-01
5.1482862234e-01 7.7303934097e-01 7.9767137766e-01 9.1446065903e-01
6.0624998808e-01 8.5624998808e-01 7.0625001192e-01 9.5625001192e-01
5.8553934097e-01 7.6482862234e-01 7.2696065903e-01 1.0476713181e+00
5.1482862234e-01 8.3553934097e-01 7.9767137766e-01 9.7696065903e-01
6.0624998808e-01 9.1874998808e-01 7.0625001192e-01 1.0187499523e+00
5.8553934097e-01 8.2732862234e-01 7.2696065903e-01 1.1101713181e+00
5.1482862234e-01 8.9803934097e-01 7.9767137766e-01 1.0394606590e+00
6.6874998808e-01 -1.8750000745e-02 7.6875001192e-01 8.1249997020e-02
6.4803934097e-01 -1.1017136276e-01 7.8946065903e-01 1.7267136276e-01
5.7732862234e-01 -3.9460681379e-02 8.6017137766e-01 1.0196068138e-01
6.6874998808e-01 4.3749999255e-02 7.6875001192e-01 1.4374999702e-01
6.4803934097e-01 -4.7671362758e-02 7.8946065903e-01 2.3517136276e-01
5.7732862234e-01 2.3039318621e-02 8.6017137766e-01 1.6446068883e-01
6.6874998808e-01 1.0625000298e-01 7.6875001192e-01 2.0624999702e-01
6.4803934097e-01 1.4828637242e-02 7.8946065903e-01 2.9767137766e-01
5.7732862234e-01 8.5539318621e-02 8.6017137766e-01 2.2696068883e-01
6.6874998808e-01 1.6875000298e-01 7.6875001192e-01 2.6875001192e-01
6.4803934097e-01 7.7328637242e-02 7.8946065903e-01 3.6017137766e-01
5.7732862234e-01 1.4803931117e-01 8.6017137766e-01 2.8946068883e-01
6.6874998808e-01 2.3125000298e-01 7.6875001192e-01 3.3125001192e-01
6.4803934097e-01 1.3982863724e-01 7.8946065903e-01 4.2267137766e-01
5.7732862234e-01 2.1053931117e-01 8.6017137766e-01 3.5196068883e-01
6.6874998808e-01 2.9374998808e-01 7.6875001192e-01 3.9375001192e-01
6.4803934097e-01 2.0232863724e-01 7.8946065903e-01 4.8517137766e-01
5.7732862234e-01 2.7303931117e-01 8.6017137766e-01 4.1446068883e-01
6.6874998808e-01 3.5624998808e-01 7.6875001192e-01 4.5625001192e-01
6.4803934097e-01 2.6482862234e-01 7.8946065903e-01 5.4767137766e-01
5.7732862234e-01 3.3553931117e-01 8.6017137766e-01 4.7696068883e-01
6.6874998808e-01 4.1874998808e-01 7.6875001192e-01 5.1875001192e-01
6.4803934097e-01 3.2732862234e-01 7.8946065903e-01 6.1017137766e-01
5.7732862234e-01 3.9803931117e-01 8.6017137766e-01 5.3946065903e-01
6.6874998808e-01 4.8124998808e-01 7.6875001192e-01 5.8125001192e-01
6.4803934097e-01 3.8982862234e-01 7.8946065903e-01 6.7267137766e-01
5.7732862234e-01 4.6053931117e-01 8.6017137766e-01 6.0196065903e-01
6.6874998808e-01 5.4374998808e-01 7.6875001192e-01 6.4375001192e-01
6.4803934097e-01 4.5232862234e-01 7.8946065903e-01 7.3517137766e-01
5.7732862234e-01 5.2303934097e-01 8.6017137766e-01 6.6446065903e-01
6.6874998808e-01 6.0624998808e-01 7.6875001192e-01 7.0625001192e-01
6.4803934097e-01 5.1482862234e-01 7.8946065903e-01 7.9767137766e-01
5.7732862234e-01 5.8553934097e-01 8.6017137766e-01 7.2696065903e-01
6.6874998808e-01 6.6874998808e-01 7.6875001192e-01 7.6875001192e-01
6.4803934097e-01 5.7732862234e-01 7.8946065903e-01 8.6017137766e-01
5.7732862234e-01 6.4803934097e-01 8.6017137766e-01 7.8946065903e-01
6.6874998808e-01 7.3124998808e-01 7.6875001192e-01 8.3125001192e-01
6.4803934097e-01 6.3982862234e-01 7.8946065903e-01 9.2267137766e-01
5.7732862234e-01 7.1053934097e-01 8.6017137766e-01 8.5196065903e-01
6.6874998808e-01 7.9374998808e-01 7.6875001192e-01 8.9375001192e-01
6.4803934097e-01 7.0232862234e-01 7.8946065903e-01 9.8517137766e-01
5.7732862234e-01 7.7303934097e-01 8.6017137766e-01 9.1446065903e-01
6.6874998808e-01 8.5624998808e-01 7.6875001192e-01 9.5625001192e-01
6.4803934097e-01 7.6482862234e-01 7.8946065903e-01 1.0476713181e+00
5.7732862234e-01 8.3553934097e-01 8.6017137766e-01 9.7696065903e-01
6.6874998808e-01 9.1874998808e-01 7.6875001192e-01 1.0187499523e+00
6.4803934097e-01 8.2732862234e-01 7.8946065903e-01 1.1101713181e+00
5.7732862234e-01 8.9803934097e-01 8.6017137766e-01 1.0394606590e+00
7.3124998808e-01 -1.8750000745e-02 8.3125001192e-01 8.1249997020e-02
7.1053934097e-01 -1.1017136276e-01 8.5196065903e-01 1.7267136276e-01
6.3982862234e-01 -3.9460681379e-02 9.2267137766e-01 1.0196068138e-01
7.3124998808e-01 4.3749999255e-02 8.3125001192e-01 1.4374999702e-01
7.1053934097e-01 -4.7671362758e-02 8.5196065903e-01 2.3517136276e-01
6.3982862234e-01 2.3039318621e-02 9.2267137766e-01 1.6446068883e-01
7.3124998808e-01 1.0625000298e-01 8.3125001192e-01 2.0624999702e-01
7.1053934097e-01 1.4828637242e-02 8.5196065903e-01 2.9767137766e-01
6.3982862234e-01 8.5539318621e-02 9.2267137766e-01 2.2696068883e-01
7.3124998808e-01 1.6875000298e-01 8.3125001192e-01 2.6875001192e-01
7.1053934097e-01 7.7328637242e-02 8.5196065903e-01 3.6017137766e-01
6.3982862234e-01 1.4803931117e-01 9.2267137766e-01 2.8946068883e-01
7.3124998808e-01 2.3125000298e-01 8.3125001192e-01 3.3125001192e-01
7.1053934097e-01 1.3982863724e-01 8.5196065903e-01 4.2267137766e-01
6.3982862234e-01 2.1053931117e-01 9.2267137766e-01 3.5196068883e-01
7.3124998808e-01 2.9374998808e-01 8.3125001192e-01 3.9375001192e-01
7.1053934097e-01 2.0232863724e-01 8.5196065903e-01 4.8517137766e-01
6.3982862234e-01 2.7303931117e-01 9.2267137766e-01 4.1446068883e-01
7.3124998808e-01 3.5624998808e-01 8.3125001192e-01 4.5625001192e-01
7.1053934097e-01 2.6482862234e-01 8.5196065903e-01 5.4767137766e-01
6.3982862234e-01 3.3553931117e-01 9.2267137766e-01 4.7696068883e-01
7.3124998808e-01 4.1874998808e-01 8.3125001192e-01 5.1875001192e-01
7.1053934097e-01 3.2732862234e-01 8.5196065903e-01 6.1017137766e-01
6.3982862234e-01 3.9803931117e-01 9.2267137766e-01 5.3946065903e-01
7.3124998808e-01 4.8124998808e-01 8.3125001192e-01 5.8125001192e-01
7.1053934097e-01 3.8982862234e-01 8.5196065903e-01 6.7267137766e-01
6.3982862234e-01 4.6053931117e-01 9.2267137766e-01 6.0196065903e-01
7.3124998808e-01 5.4374998808e-01 8.3125001192e-01 6.4375001192e-01
7.1053934097e-01 4.5232862234e-01 8.5196065903e-01 7.3517137766e-01
6.3982862234e-01 5.2303934097e-01 9.2267137766e-01 6.6446065903e-01
7.3124998808e-01 6.0624998808e-01 8.3125001192e-01 7.0625001192e-01
7.1053934097e-01 5.1482862234e-01 8.5196065903e-01 7.9767137766e-01
6.3982862234e-01 5.8553934097e-01 9.2267137766e-01 7.2696065903e-01
7.3124998808e-01 6.6874998808e-01 8.3125001192e-01 7.6875001192e-01
7.1053934097e-01 5.7732862234e-01 8.5196065903e-01 8.6017137766e-01
6.3982862234e-01 6.4803934097e-01 9.2267137766e-01 7.8946065903e-01
7.3124998808e-01 7.3124998808e-01 8.3125001192e-01 8.3125001192e-01
7.1053934097e-01 6.3982862234e-01 8.5196065903e-01 9.2267137766e-01
6.3982862234e-01 7.1053934097e-01 9.2267137766e-01 8.5196065903e-01
7.3124998808e-01 7.9374998808e-01 8.3125001192e-01 8.9375001192e-01
7.1053934097e-01 7.0232862234e-01 8.5196065903e-01 9.8517137766e-01
6.3982862234e-01 7.7303934097e-01 9.2267137766e-01 9.1446065903e-01
7.3124998808e-01 8.5624998808e-01 8.3125001192e-01 9.5625001192e-01
7.1053934097e-01 7.6482862234e-01 8.5196065903e-01 1.0476713181e+00
6.3982862234e-01 8.3553934097e-01 9.2267137766e-01 9.7696065903e-01
7.3124998808e-01 9.1874998808e-01 8.3125001192e-01 1.0187499523e+00
7.1053934097e-01 8.2732862234e-01 8.5196065903e-01 1.1101713181e+00
6.3982862234e-01 8.9803934097e-01 9.2267137766e-01 1.0394606590e+00
7.9374998808e-01 -1.8750000745e-02 8.9375001192e-01 8.1249997020e-02
7.7303934097e-01 -1.1017136276e-01 9.1446065903e-01 1.7267136276e-01
7.0232862234e-01 -3.9460681379e-02 9.8517137766e-01 1.0196068138e-01
7.9374998808e-01 4.3749999255e-02 8.9375001192e-01 1.4374999702e-01
7.7303934097e-01 -4.7671362758e-02 9.1446065903e-01 2.3517136276e-01
7.0232862234e-01 2.3039318621e-02 9.8517137766e-01 1.6446068883e-01
7.9374998808e-01 1.0625000298e-01 8.9375001192e-01 2.0624999702e-01
7.7303934097e-01 1.4828637242e-02 9.1446065903e-01 2.9767137766e-01
7.0232862234e-01 8.5539318621e-02 9.8517137766e-01 2.2696068883e-01
7.9374998808e-01 1.6875000298e-01 8.9375001192e-01 2.6875001192e-01
7.7303934097e-01 7.7328637242e-02 9.1446065903e-01 3.6017137766e-01
7.0232862234e-01 1.4803931117e-01 9.8517137766e-01 2.8946068883e-01
7.9374998808e-01 2.3125000298e-01 8.9375001192e-01 3.3125001192e-01
7.7303934097e-01 1.3982863724e-01 9.1446065903e-01 4.2267137766e-01
7.0232862234e-01 2.1053931117e-01 9.8517137766e-01 3.5196068883e-01
7.9374998808e-01 2.9374998808e-01 8.9375001192e-01 3.9375001192e-01
7.7303934097e-01 2.0232863724e-01 9.1446065903e-01 4.8517137766e-01
7.0232862234e-01 2.7303931117e-01 9.8517137766e-01 4.1446068883e-01
7.9374998808e-01 3.5624998808e-01 8.9375001192e-01 4.5625001192e-01
7.7303934097e-01 2.6482862234e-01 9.1446065903e-01 5.4767137766e-01
7.0232862234e-01 3.3553931117e-01 9.8517137766e-01 4.7696068883e-01
7.9374998808e-01 4.1874998808e-01 8.9375001192e-01 5.1875001192e-01
7.7303934097e-01 3.2732862234e-01 9.1446065903e-01 6.1017137766e-01
7.0232862234e-01 3.9803931117e-01 9.8517137766e-01 5.3946065903e-01
7.9374998808e-01 4.8124998808e-01 8.9375001192e-01 5.8125001192e-01
7.7303934097e-01 3.8982862234e-01 9.1446065903e-01 6.7267137766e-01
7.0232862234e-01 4.6053931117e-01 9.8517137766e-01 6.0196065903e-01
7.9374998808e-01 5.4374998808e-01 8.9375001192e-01 6.4375001192e-01
7.7303934097e-01 4.5232862234e-01 9.1446065903e-01 7.3517137766e-01
7.0232862234e-01 5.2303934097e-01 9.8517137766e-01 6.6446065903e-01
7.9374998808e-01 6.0624998808e-01 8.9375001192e-01 7.0625001192e-01
7.7303934097e-01 5.1482862234e-01 9.1446065903e-01 7.9767137766e-01
7.0232862234e-01 5.8553934097e-01 9.8517137766e-01 7.2696065903e-01
7.9374998808e-01 6.6874998808e-01 8.9375001192e-01 7.6875001192e-01
7.7303934097e-01 5.7732862234e-01 9.1446065903e-01 8.6017137766e-01
7.0232862234e-01 6.4803934097e-01 9.8517137766e-01 7.8946065903e-01
7.9374998808e-01 7.3124998808e-01 8.9375001192e-01 8.3125001192e-01
7.7303934097e-01 6.3982862234e-01 9.1446065903e-01 9.2267137766e-01
7.0232862234e-01 7.1053934097e-01 9.8517137766e-01 8.5196065903e-01
7.9374998808e-01 7.9374998808e-01 8.9375001192e-01 8.9375001192e-01
7.7303934097e-01 7.0232862234e-01 9.1446065903e-01 9.8517137766e-01
7.0232862234e-01 7.7303934097e-01 9.8517137766e-01 9.1446065903e-01
7.9374998808e-01 8.5624998808e-01 8.9375001192e-01 9.5625001192e-01
7.7303934097e-01 7.6482862234e-01 9.1446065903e-01 1.0476713181e+00
7.0232862234e-01 8.3553934097e-01 9.8517137766e-01 9.7696065903e-01
7.9374998808e-01 9.1874998808e-01 8.9375001192e-01 1.0187499523e+00
7.7303934097e-01 8.2732862234e-01 9.1446065903e-01 1.1101713181e+00
7.0232862234e-01 8.9803934097e-01 9.8517137766e-01 1.0394606590e+00
8.5624998808e-01 -1.8750000745e-02 9.5625001192e-01 8.1249997020e-02
8.3553934097e-01 -1.1017136276e-01 9.7696065903e-01 1.7267136276e-01
7.6482862234e-01 -3.9460681379e-02 1.0476713181e+00 1.0196068138e-01
8.5624998808e-01 4.3749999255e-02 9.5625001192e-01 1.4374999702e-01
8.3553934097e-01 -4.7671362758e-02 9.7696065903e-01 2.3517136276e-01
7.6482862234e-01 2.3039318621e-02 1.0476713181e+00 1.6446068883e-01
8.5624998808e-01 1.0625000298e-01 9.5625001192e-01 2.0624999702e-01
8.3553934097e-01 1.4828637242e-02 9.7696065903e-01 2.9767137766e-01
7.6482862234e-01 8.5539318621e-02 1.0476713181e+00 2.2696068883e-01
8.5624998808e-01 1.6875000298e-01 9.5625001192e-01 2.6875001192e-01
8.3553934097e-01 7.7328637242e-02 9.7696065903e-01 3.6017137766e-01
7.6482862234e-01 1.4803931117e-01 1.0476713181e+00 2.8946068883e-01
8.5624998808e-01 2.3125000298e-01 9.5625001192e-01 3.3125001192e-01
8.3553934097e-01 1.3982863724e-01 9.7696065903e-01 4.2267137766e-01
7.6482862234e-01 2.1053931117e-01 1.0476713181e+00 3.5196068883e-01
8.5624998808e-01 2.9374998808e-01 9.5625001192e-01 3.9375001192e-01
8.3553934097e-01 2.0232863724e-01 9.7696065903e-01 4.8517137766e-01
7.6482862234e-01 2.7303931117e-01 1.0476713181e+00 4.1446068883e-01
8.5624998808e-01 3.5624998808e-01 9.5625001192e-01 4.5625001192e-01
8.3553934097e-01 2.6482862234e-01 9.7696065903e-01 5.4767137766e-01
7.6482862234e-01 3.3553931117e-01 1.0476713181e+00 4.7696068883e-01
8.5624998808e-01 4.1874998808e-01 9.5625001192e-01 5.1875001192e-01
8.3553934097e-01 3.2732862234e-01 9.7696065903e-01 6.1017137766e-01
7.6482862234e-01 3.9803931117e-01 1.0476713181e+00 5.3946065903e-01
8.5624998808e-01 4.8124998808e-01 9.5625001192e-01 5.8125001192e-01
8.3553934097e-01 3.8982862234e-01 9.7696065903e-01 6.7267137766e-01
7.6482862234e-01 4.6053931117e-01 1.0476713181e+00 6.0196065903e-01
8.5624998808e-01 5.4374998808e-01 9.5625001192e-01 6.4375001192e-01
8.3553934097e-01 4.5232862234e-01 9.7696065903e-01 7.3517137766e-01
7.6482862234e-01 5.2303934097e-01 1.0476713181e+00 6.6446065903e-01
8.5624998808e-01 6.0624998808e-01 9.5625001192e-01 7.0625001192e-01
8.3553934097e-01 5.1482862234e-01 9.7696065903e-01 7.9767137766e-01
7.6482862234e-01 5.8553934097e-01 1.0476713181e+00 7.2696065903e-01
8.5624998808e-01 6.6874998808e-01 9.5625001192e-01 7.6875001192e-01
8.3553934097e-01 5.7732862234e-01 9.7696065903e-01 8.6017137766e-01
7.6482862234e-01 6.4803934097e-01 1.0476713181e+00 7.8946065903e-01
8.5624998808e-01 7.3124998808e-01 9.5625001192e-01 8.3125001192e-01
8.3553934097e-01 6.3982862234e-01 9.7696065903e-01 9.2267137766e-01
7.6482862234e-01 7.1053934097e-01 1.0476713181e+00 8.5196065903e-01
8.5624998808e-01 7.9374998808e-01 9.5625001192e-01 8.9375001192e-01
8.3553934097e-01 7.0232862234e-01 9.7696065903e-01 9.8517137766e-01
7.6482862234e-01 7.7303934097e-01 1.0476713181e+00 9.1446065903e-01
8.5624998808e-01 8.5624998808e-01 9.5625001192e-01 9.5625001192e-01
8.3553934097e-01 7.6482862234e-01 9.7696065903e-01 1.0476713181e+00
7.6482862234e-01 8.3553934097e-01 1.0476713181e+00 9.7696065903e-01
8.5624998808e-01 9.1874998808e-01 9.5625001192e-01 1.0187499523e+00
8.3553934097e-01 8.2732862234e-01 9.7696065903e-01 1.1101713181e+00
7.6482862234e-01 8.9803934097e-01 1.0476713181e+00 1.0394606590e+00
9.1874998808e-01 -1.8750000745e-02 1.0187499523e+00 8.1249997020e-02
8.9803934097e-01 -1.1017136276e-01 1.0394606590e+00 1.7267136276e-01
8.2732862234e-01 -3.9460681379e-02 1.1101713181e+00 1.0196068138e-01
9.1874998808e-01 4.3749999255e-02 1.0187499523e+00 1.4374999702e-01
8.9803934097e-01 -4.7671362758e-02 1.0394606590e+00 2.3517136276e-01
8.2732862234e-01 2.3039318621e-02 1.1101713181e+00 1.6446068883e-01
9.1874998808e-01 1.0625000298e-01 1.0187499523e+00 2.0624999702e-01
8.9803934097e-01 1.4828637242e-02 1.0394606590e+00 2.9767137766e-01
8.2732862234e-01 8.5539318621e-02 1.1101713181e+00 2.2696068883e-01
9.1874998808e-01 1.6875000298e-01 1.0187499523e+00 2.6875001192e-01
8.9803934097e-01 7.7328637242e-02 1.0394606590e+00 3.6017137766e-01
8.2732862234e-01 1.4803931117e-01 1.1101713181e+00 2.8946068883e-01
9.1874998808e-01 2.3125000298e-01 1.0187499523e+00 3.3125001192e-01
8.9803934097e-01 1.3982863724e-01 1.0394606590e+00 4.2267137766e-01
8.2732862234e-01 2.1053931117e-01 1.1101713181e+00 3.5196068883e-01
9.1874998808e-01 2.9374998808e-01 1.0187499523e+00 3.9375001192e-01
8.9803934097e-01 2.0232863724e-01 1.0394606590e+00 4.8517137766e-01
8.2732862234e-01 2.7303931117e-01 1.1101713181e+00 4.1446068883e-01
9.1874998808e-01 3.5624998808e-01 1.0187499523e+00 4.5625001192e-01
8.9803934097e-01 2.6482862234e-01 1.0394606590e+00 5.4767137766e-01
8.2732862234e-01 3.3553931117e-01 1.1101713181e+00 4.7696068883e-01
9.1874998808e-01 4.1874998808e-01 1.0187499523e+00 5.1875001192e-01
8.9803934097e-01 3.2732862234e-01 1.0394606590e+00 6.1017137766e-01
8.2732862234e-01 3.9803931117e-01 1.1101713181e+00 5.3946065903e-01
9.1874998808e-01 4.8124998808e-01 1.0187499523e+00 5.8125001192e-01
8.9803934097e-01 3.8982862234e-01 1.0394606590e+00 6.7267137766e-01
8.2732862234e-01 4.6053931117e-01 1.1101713181e+00 6.0196065903e-01
9.1874998808e-01 5.4374998808e-01 1.0187499523e+00 6.4375001192e-01
8.9803934097e-01 4.5232862234e-01 1.0394606590e+00 7.3517137766e-01
8.2732862234e-01 5.2303934097e-01 1.1101713181e+00 6.6446065903e-01
9.1874998808e-01 6.0624998808e-01 1.0187499523e+00 7.0625001192e-01
8.9803934097e-01 5.1482862234e-01 1.0394606590e+00 7.9767137766e-01
8.2732862234e-01 5.8553934097e-01 1.1101713181e+00 7.2696065903e-01
9.1874998808e-01 6.6874998808e-01 1.0187499523e+00 7.6875001192e-01
8.9803934097e-01 5.7732862234e-01 1.0394606590e+00 8.6017137766e-01
8.2732862234e-01 6.4803934097e-01 1.1101713181e+00 7.8946065903e-01
9.1874998808e-01 7.3124998808e-01 1.0187499523e+00 8.3125001192e-01
8.9803934097e-01 6.3982862234e-01 1.0394606590e+00 9.2267137766e-01
8.2732862234e-01 7.1053934097e-01 1.1101713181e+00 8.5196065903e-01
9.1874998808e-01 7.9374998808e-01 1.0187499523e+00 8.9375001192e-01
8.9803934097e-01 7.0232862234e-01 1.0394606590e+00 9.8517137766e-01
8.2732862234e-01 7.7303934097e-01 1.1101713181e+00 9.1446065903e-01
9.1874998808e-01 8.5624998808e-01 1.0187499523e+00 9.5625001192e-01
8.9803934097e-01 7.6482862234e-01 1.0394606590e+00 1.0476713181e+00
8.2732862234e-01 8.3553934097e-01 1.1101713181e+00 9.7696065903e-01
9.1874998808e-01 9.1874998808e-01 1.0187499523e+00 1.0187499523e+00
8.9803934097e-01 8.2732862234e-01 1.0394606590e+00 1.1101713181e+00
8.2732862234e-01 8.9803934097e-01 1.1101713181e+00 1.0394606590e+00
-1.3125000894e-01 -1.3124997914e-01 2.5625002384e-01 2.5624996424e-01
-7.4501946568e-02 -2.1150383353e-01 1.9950194657e-01 3.3650383353e-01
-2.1150389314e-01 -7.4501916766e-02 3.3650389314e-01 1.9950191677e-01
-4.9361616373e-02 -2.7308481932e-01 1.7436161637e-01 3.9808481932e-01
-2.7310159802e-01 -4.9356020987e-02 3.9810159802e-01 1.7435601354e-01
-1.7351509631e-01 -1.7351509631e-01 2.9851508141e-01 2.9851508141e-01
-1.3125000894e-01 -6.2499791384e-03 2.5625002384e-01 3.8124996424e-01
-7.4501946568e-02 -8.6503833532e-02 1.9950194657e-01 4.6150383353e-01
-2.1150389314e-01 5.0498083234e-02 3.3650389314e-01 3.2450193167e-01
-4.9361616373e-02 -1.4808481932e-01 1.7436161637e-01 5.2308481932e-01
-2.7310159802e-01 7.5643979013e-02 3.9810159802e-01 2.9935601354e-01
-1.7351509631e-01 -4.8515096307e-02 2.9851508141e-01 4.2351508141e-01
-1.3125000894e-01 1.1875002086e-01 2.5625002384e-01 5.0624996424e-01
-7.4501946568e-02 3.8496166468e-02 1.9950194657e-01 5.8650386333e-01
-2.1150389314e-01 1.7549808323e-01 3.3650389314e-01 4.4950193167e-01
-4.9361616373e-02 -2.3084819317e-02 1.7436161637e-01 6.4808481932e-01
-2.7310159802e-01 2.0064398646e-01 3.9810159802e-01 4.2435601354e-01
-1.7351509631e-01 7.6484903693e-02 2.9851508141e-01 5.4851508141e-01
-1.3125000894e-01 2.4375002086e-01 2.5625002384e-01 6.3124996424e-01
-7.4501946568e-02 1.6349616647e-01 1.9950194657e-01 7.1150386333e-01
-2.1150389314e-01 3.0049806833e-01 3.3650389314e-01 5.7450193167e-01
-4.9361616373e-02 1.0191518068e-01 1.7436161637e-01 7.7308481932e-01
-2.7310159802e-01 3.2564398646e-01 3.9810159802e-01 5.4935604334e-01
-1.7351509631e-01 2.0148490369e-01 2.9851508141e-01 6.7351508141e-01
-1.3125000894e-01 3.6875003576e-01 2.5625002384e-01 7.5624996424e-01
-7.4501946568e-02 2.8849616647e-01 1.9950194657e-01 8.3650386333e-01
-2.1150389314e-01 4.2549806833e-01 3.3650389314e-01 6.9950193167e-01
-4.9361616373e-02 2.2691518068e-01 1.7436161637e-01 8.9808481932e-01
-2.7310159802e-01 4.5064398646e-01 3.9810159802e-01 6.7435604334e-01
-1.7351509631e-01 3.2648491859e-01 2.9851508141e-01 7.9851508141e-01
-1.3125000894e-01 4.9375003576e-01 2.5625002384e-01 8.8124996424e-01
-7.4501946568e-02 4.1349616647e-01 1.9950194657e-01 9.6150386333e-01
-2.1150389314e-01 5.5049806833e-01 3.3650389314e-01 8.2450193167e-01
-4.9361616373e-02 3.5191518068e-01 1.7436161637e-01 1.0230848789e+00
-2.7310159802e-01 5.7564395666e-01 3.9810159802e-01 7.9935604334e-01
-1.7351509631e-01 4.5148491859e-01 2.9851508141e-01 9.2351508141e-01
-1.3125000894e-01 6.1875003576e-01 2.5625002384e-01 1.0062500238e+00
-7.4501946568e-02 5.3849613667e-01 1.9950194657e-01 1.0865038633e+00
-2.1150389314e-01 6.7549806833e-01 3.3650389314e-01 9.4950193167e-01
-4.9361616373e-02 4.7691518068e-01 1.7436161637e-01 1.1480848789e+00
-2.7310159802e-01 7.0064395666e-01 3.9810159802e-01 9.2435604334e-01
-1.7351509631e-01 5.7648491859e-01 2.9851508141e-01 1.0485150814e+00
-1.3125000894e-01 7.4375003576e-01 2.5625002384e-01 1.1312500238e+00
-7.4501946568e-02 6.6349613667e-01 1.9950194657e-01 1.2115038633e+00
-2.1150389314e-01 8.0049806833e-01 3.3650389314e-01 1.0745018721e+00
-4.9361616373e-02 6.0191518068e-01 1.7436161637e-01 1.2730848789e+00
-2.7310159802e-01 8.2564395666e-01 3.9810159802e-01 1.0493559837e+00
-1.7351509631e-01 7.0148491859e-01 2.9851508141e-01 1.1735150814e+00
-6.2500089407e-03 -1.3124997914e-01 3.8125002384e-01 2.5624996424e-01
5.0498053432e-02 -2.1150383353e-01 3.2450193167e-01 3.3650383353e-01
-8.6503893137e-02 -7.4501916766e-02 4.6150389314e-01 1.9950191677e-01
7.5638383627e-02 -2.7308481932e-01 2.9936161637e-01 3.9808481932e-01
-1.4810159802e-01 -4.9356020987e-02 5.2310156822e-01 1.7435601354e-01
-4.8515096307e-02 -1.7351509631e-01 4.2351508141e-01 2.9851508141e-01
-6.2500089407e-03 -6.2499791384e-03 3.8125002384e-01 3.8124996424e-01
5.0498053432e-02 -8.6503833532e-02 3.2450193167e-01 4.6150383353e-01
-8.6503893137e-02 5.0498083234e-02 4.6150389314e-01 3.2450193167e-01
7.5638383627e-02 -1.4808481932e-01 2.9936161637e-01 5.2308481932e-01
-1.4810159802e-01 7.5643979013e-02 5.2310156822e-01 2.9935601354e-01
-4.8515096307e-02 -4.8515096307e-02 4.2351508141e-01 4.2351508141e-01
-6.2500089407e-03 1.1875002086e-01 3.8125002384e-01 5.0624996424e-01
5.0498053432e-02 3.8496166468e-02 3.2450193167e-01 5.8650386333e-01
-8.6503893137e-02 1.7549808323e-01 4.6150389314e-01 4.4950193167e-01
7.5638383627e-02 -2.3084819317e-02 2.9936161637e-01 6.4808481932e-01
-1.4810159802e-01 2.0064398646e-01 5.2310156822e-01 4.2435601354e-01
-4.8515096307e-02 7.6484903693e-02 4.2351508141e-01 5.4851508141e-01
-6.2500089407e-03 2.4375002086e-01 3.8125002384e-01 6.3124996424e-01
5.0498053432e-02 1.6349616647e-01 3.2450193167e-01 7.1150386333e-01
-8.6503893137e-02 3.0049806833e-01 4.6150389314e-01 5.7450193167e-01
7.5638383627e-02 1.0191518068e-01 2.9936161637e-01 7.7308481932e-01
-1.4810159802e-01 3.2564398646e-01 5.2310156822e-01 5.4935604334e-01
-4.8515096307e-02 2.0148490369e-01 4.2351508141e-01 6.7351508141e-01
-6.2500089407e-03 3.6875003576e-01 3.8125002384e-01 7.5624996424e-01
5.0498053432e-02 2.8849616647e-01 3.2450193167e-01 8.3650386333e-01
-8.6503893137e-02 4.2549806833e-01 4.6150389314e-01 6.9950193167e-01
7.5638383627e-02 2.2691518068e-01 2.9936161637e-01 8.9808481932e-01
-1.4810159802e-01 4.5064398646e-01 5.2310156822e-01 6.7435604334e-01
-4.8515096307e-02 3.2648491859e-01 4.2351508141e-01 7.9851508141e-01
-6.2500089407e-03 4.9375003576e-01 3.8125002384e-01 8.8124996424e-01
5.0498053432e-02 4.1349616647e-01 3.2450193167e-01 9.6150386333e-01
-8.6503893137e-02 5.5049806833e-01 4.6150389314e-01 8.2450193167e-01
7.5638383627e-02 3.5191518068e-01 2.9936161637e-01 1.0230848789e+00
-1.4810159802e-01 5.7564395666e-01 5.2310156822e-01 7.9935604334e-01
-4.8515096307e-02 4.5148491859e-01 4.2351508141e-01 9.2351508141e-01
-6.2500089407e-03 6.1875003576e-01 3.8125002384e-01 1.0062500238e+00
5.0498053432e-02 5.3849613667e-01 3.2450193167e-01 1.0865038633e+00
-8.6503893137e-02 6.7549806833e-01 4.6150389314e-01 9.4950193167e-01
7.5638383627e-02 4.7691518068e-01 2.9936161637e-01 1.1480848789e+00
-1.4810159802e-01 7.0064395666e-01 5.2310156822e-01 9.2435604334e-01
-4.8515096307e-02 5.7648491859e-01 4.2351508141e-01 1.0485150814e+00
-6.2500089407e-03 7.4375003576e-01 3.8125002384e-01 1.1312500238e+00
5.0498053432e-02 6.6349613667e-01 3.2450193167e-01 1.2115038633e+00
-8.6503893137e-02 8.0049806833e-01 4.6150389314e-01 1.0745018721e+00
7.5638383627e-02 6.0191518068e-01 2.9936161637e-01 1.2730848789e+00
-1.4810159802e-01 8.2564395666e-01 5.2310156822e-01 1.0493559837e+00
-4.8515096307e-02 7.0148491859e-01 4.2351508141e-01 1.1735150814e+00
1.1874999106e-01 -1.3124997914e-01 5.0625002384e-01 2.5624996424e-01
1.7549805343e-01 -2.1150383353e-01 4.4950193167e-01 3.3650383353e-01
3.8496106863e-02 -7.4501916766e-02 5.8650386333e-01 1.9950191677e-01
2.0063838363e-01 -2.7308481932e-01 4.2436161637e-01 3.9808481932e-01
-2.3101598024e-02 -4.9356020987e-02 6.4810156822e-01 1.7435601354e-01
7.6484903693e-02 -1.7351509631e-01 5.4851508141e-01 2.9851508141e-01
1.1874999106e-01 -6.2499791384e-03 5.0625002384e-01 3.8124996424e-01
1.7549805343e-01 -8.6503833532e-02 4.4950193167e-01 4.6150383353e-01
3.8496106863e-02 5.0498083234e-02 5.8650386333e-01 3.2450193167e-01
2.0063838363e-01 -1.4808481932e-01 4.2436161637e-01 5.2308481932e-01
-2.3101598024e-02 7.5643979013e-02 6.4810156822e-01 2.9935601354e-01
7.6484903693e-02 -4.8515096307e-02 5.4851508141e-01 4.2351508141e-01
1.1874999106e-01 1.1875002086e-01 5.0625002384e-01 5.0624996424e-01
1.7549805343e-01 3.8496166468e-02 4.4950193167e-01 5.8650386333e-01
3.8496106863e-02 1.7549808323e-01 5.8650386333e-01 4.4950193167e-01
2.0063838363e-01 -2.3084819317e-02 4.2436161637e-01 6.4808481932e-01
-2.3101598024e-02 2.0064398646e-01 6.4810156822e-01 4.2435601354e-01
7.6484903693e-02 7.6484903693e-02 5.4851508141e-01 5.4851508141e-01
1.1874999106e-01 2.4375002086e-01 5.0625002384e-01 6.3124996424e-01
1.7549805343e-01 1.6349616647e-01 4.4950193167e-01 7.1150386333e-01
3.8496106863e-02 3.0049806833e-01 5.8650386333e-01 5.7450193167e-01
2.0063838363e-01 1.0191518068e-01 4.2436161637e-01 7.7308481932e-01
-2.3101598024e-02 3.2564398646e-01 6.4810156822e-01 5.4935604334e-01
7.6484903693e-02 2.0148490369e-01 5.4851508141e-01 6.7351508141e-01
1.1874999106e-01 3.6875003576e-01 5.0625002384e-01 7.5624996424e-01
1.7549805343e-01 2.8849616647e-01 4.4950193167e-01 8.3650386333e-01
3.8496106863e-02 4.2549806833e-01 5.8650386333e-01 6.9950193167e-01
2.0063838363e-01 2.2691518068e-01 4.2436161637e-01 8.9808481932e-01
-2.3101598024e-02 4.5064398646e-01 6.4810156822e-01 6.7435604334e-01
7.6484903693e-02 3.2648491859e-01 5.4851508141e-01 7.9851508141e-01
1.1874999106e-01 4.9375003576e-01 5.0625002384e-01 8.8124996424e-01
1.7549805343e-01 4.1349616647e-01 4.4950193167e-01 9.6150386333e-01
3.8496106863e-02 5.5049806833e-01 5.8650386333e-01 8.2450193167e-01
2.0063838363e-01 3.5191518068e-01 4.2436161637e-01 1.0230848789e+00
-2.3101598024e-02 5.7564395666e-01 6.4810156822e-01 7.9935604334e-01
7.6484903693e-02 4.5148491859e-01 5.4851508141e-01 9.2351508141e-01
1.1874999106e-01 6.1875003576e-01 5.0625002384e-01 1.0062500238e+00
1.7549805343e-01 5.3849613667e-01 4.4950193167e-01 1.0865038633e+00
3.8496106863e-02 6.7549806833e-01 5.8650386333e-01 9.4950193167e-01
2.0063838363e-01 4.7691518068e-01 4.2436161637e-01 1.1480848789e+00
-2.3101598024e-02 7.0064395666e-01 6.4810156822e-01 9.2435604334e-01
7.6484903693e-02 5.7648491859e-01 5.4851508141e-01 1.0485150814e+00
1.1874999106e-01 7.4375003576e-01 5.0625002384e-01 1.1312500238e+00
1.7549805343e-01 6.6349613667e-01 4.4950193167e-01 1.2115038633e+00
3.8496106863e-02 8.0049806833e-01 5.8650386333e-01 1.0745018721e+00
2.0063838363e-01 6.0191518068e-01 4.2436161637e-01 1.2730848789e+00
-2.3101598024e-02 8.2564395666e-01 6.4810156822e-01 1.0493559837e+00
7.6484903693e-02 7.0148491859e-01 5.4851508141e-01 1.1735150814e+00
2.4374999106e-01 -1.3124997914e-01 6.3125002384e-01 2.5624996424e-01
3.0049806833e-01 -2.1150383353e-01 5.7450193167e-01 3.3650383353e-01
1.6349610686e-01 -7.4501916766e-02 7.1150386333e-01 1.9950191677e-01
3.2563838363e-01 -2.7308481932e-01 5.4936158657e-01 3.9808481932e-01
1.0189840198e-01 -4.9356020987e-02 7.7310156822e-01 1.7435601354e-01
2.0148490369e-01 -1.7351509631e-01 6.7351508141e-01 2.9851508141e-01
2.4374999106e-01 -6.2499791384e-03 6.3125002384e-01 3.8124996424e-01
3.0049806833e-01 -8.6503833532e-02 5.7450193167e-01 4.6150383353e-01
1.6349610686e-01 5.0498083234e-02 7.1150386333e-01 3.2450193167e-01
3.2563838363e-01 -1.4808481932e-01 5.4936158657e-01 5.2308481932e-01
1.0189840198e-01 7.5643979013e-02 7.7310156822e-01 2.9935601354e-01
2.0148490369e-01 -4.8515096307e-02 6.7351508141e-01 4.2351508141e-01
2.4374999106e-01 1.1875002086e-01 6.3125002384e-01 5.0624996424e-01
3.0049806833e-01 3.8496166468e-02 5.7450193167e-01 5.8650386333e-01
1.6349610686e-01 1.7549808323e-01 7.1150386333e-01 4.4950193167e-01
3.2563838363e-01 -2.3084819317e-02 5.4936158657e-01 6.4808481932e-01
1.0189840198e-01 2.0064398646e-01 7.7310156822e-01 4.2435601354e-01
2.0148490369e-01 7.6484903693e-02 6.7351508141e-01 5.4851508141e-01
2.4374999106e-01 2.4375002086e-01 6.3125002384e-01 6.3124996424e-01
3.0049806833e-01 1.6349616647e-01 5.7450193167e-01 7.1150386333e-01
1.6349610686e-01 3.0049806833e-01 7.1150386333e-01 5.7450193167e-01
3.2563838363e-01 1.0191518068e-01 5.4936158657e-01 7.7308481932e-01
1.0189840198e-01 3.2564398646e-01 7.7310156822e-01 5.4935604334e-01
2.0148490369e-01 2.0148490369e-01 6.7351508141e-01 6.7351508141e-01
2.4374999106e-01 3.6875003576e-01 6.3125002384e-01 7.5624996424e-01
3.0049806833e-01 2.8849616647e-01 5.7450193167e-01 8.3650386333e-01
1.6349610686e-01 4.2549806833e-01 7.1150386333e-01 6.9950193167e-01
3.2563838363e-01 2.2691518068e-01 5.4936158657e-01 8.9808481932e-01
1.0189840198e-01 4.5064398646e-01 7.7310156822e-01 6.7435604334e-01
2.0148490369e-01 3.2648491859e-01 6.7351508141e-01 7.9851508141e-01
2.4374999106e-01 4.9375003576e-01 6.3125002384e-01 8.8124996424e-01
3.0049806833e-01 4.1349616647e-01 5.7450193167e-01 9.6150386333e-01
1.6349610686e-01 5.5049806833e-01 7.1150386333e-01 8.2450193167e-01
3.2563838363e-01 3.5191518068e-01 5.4936158657e-01 1.0230848789e+00
1.0189840198e-01 5.7564395666e-01 7.7310156822e-01 7.9935604334e-01
2.0148490369e-01 4.5148491859e-01 6.7351508141e-01 9.2351508141e-01
2.4374999106e-01 6.1875003576e-01 6.3125002384e-01 1.0062500238e+00
3.0049806833e-01 5.3849613667e-01 5.7450193167e-01 1.0865038633e+00
1.6349610686e-01 6.7549806833e-01 7.1150386333e-01 9.4950193167e-01
3.2563838363e-01 4.7691518068e-01 5.4936158657e-01 1.1480848789e+00
1.0189840198e-01 7.0064395666e-01 7.7310156822e-01 9.2435604334e-01
2.0148490369e-01 5.7648491859e-01 6.7351508141e-01 1.0485150814e+00
2.4374999106e-01 7.4375003576e-01 6.3125002384e-01 1.1312500238e+00
3.0049806833e-01 6.6349613667e-01 5.7450193167e-01 1.2115038633e+00
1.6349610686e-01 8.0049806833e-01 7.1150386333e-01 1.0745018721e+00
3.2563838363e-01 6.0191518068e-01 5.4936158657e-01 1.2730848789e+00
1.0189840198e-01 8.2564395666e-01 7.7310156822e-01 1.0493559837e+00
2.0148490369e-01 7.0148491859e-01 6.7351508141e-01 1.1735150814e+00
3.6874997616e-01 -1.3124997914e-01 7.5625002384e-01 2.5624996424e-01
4.2549806833e-01 -2.1150383353e-01 6.9950193167e-01 3.3650383353e-01
2.8849610686e-01 -7.4501916766e-02 8.3650386333e-01 1.9950191677e-01
4.5063838363e-01 -2.7308481932e-01 6.7436158657e-01 3.9808481932e-01
2.2689840198e-01 -4.9356020987e-02 8.9810156822e-01 1.7435601354e-01
3.2648491859e-01 -1.7351509631e-01 7.9851508141e-01 2.9851508141e-01
3.6874997616e-01 -6.2499791384e-03 7.5625002384e-01 3.8124996424e-01
4.2549806833e-01 -8.6503833532e-02 6.9950193167e-01 4.6150383353e-01
2.8849610686e-01 5.0498083234e-02 8.3650386333e-01 3.2450193167e-01
4.5063838363e-01 -1.4808481932e-01 6.7436158657e-01 5.2308481932e-01
2.2689840198e-01 7.5643979013e-02 8.9810156822e-01 2.9935601354e-01
3.2648491859e-01 -4.8515096307e-02 7.9851508141e-01 4.2351508141e-01
3.6874997616e-01 1.1875002086e-01 7.5625002384e-01 5.0624996424e-01
4.2549806833e-01 3.8496166468e-02 6.9950193167e-01 5.8650386333e-01
2.8849610686e-01 1.7549808323e-01 8.3650386333e-01 4.4950193167e-01
4.5063838363e-01 -2.3084819317e-02 6.7436158657e-01 6.4808481932e-01
2.2689840198e-01 2.0064398646e-01 8.9810156822e-01 4.2435601354e-01
3.2648491859e-01 7.6484903693e-02 7.9851508141e-01 5.4851508141e-01
3.6874997616e-01 2.4375002086e-01 7.5625002384e-01 6.3124996424e-01
4.2549806833e-01 1.6349616647e-01 6.9950193167e-01 7.1150386333e-01
2.8849610686e-01 3.0049806833e-01 8.3650386333e-01 5.7450193167e-01
4.5063838363e-01 1.0191518068e-01 6.7436158657e-01 7.7308481932e-01
2.2689840198e-01 3.2564398646e-01 8.9810156822e-01 5.4935604334e-01
3.2648491859e-01 2.0148490369e-01 7.9851508141e-01 6.7351508141e-01
3.6874997616e-01 3.6875003576e-01 7.5625002384e-01 7.5624996424e-01
4.2549806833e-01 2.8849616647e-01 6.9950193167e-01 8.3650386333e-01
2.8849610686e-01 4.2549806833e-01 8.3650386333e-01 6.9950193167e-01
4.5063838363e-01 2.2691518068e-01 6.7436158657e-01 8.9808481932e-01
2.2689840198e-01 4.5064398646e-01 8.9810156822e-01 6.7435604334e-01
3.2648491859e-01 3.2648491859e-01 7.9851508141e-01 7.9851508141e-01
3.6874997616e-01 4.9375003576e-01 7.5625002384e-01 8.8124996424e-01
4.2549806833e-01 4.1349616647e-01 6.9950193167e-01 9.6150386333e-01
2.8849610686e-01 5.5049806833e-01 8.3650386333e-01 8.2450193167e-01
4.5063838363e-01 3.5191518068e-01 6.7436158657e-01 1.0230848789e+00
2.2689840198e-01 5.7564395666e-01 8.9810156822e-01 7.9935604334e-01
3.2648491859e-01 4.5148491859e-01 7.9851508141e-01 9.2351508141e-01
3.6874997616e-01 6.1875003576e-01 7.5625002384e-01 1.0062500238e+00
4.2549806833e-01 5.3849613667e-01 6.9950193167e-01 1.0865038633e+00
2.8849610686e-01 6.7549806833e-01 8.3650386333e-01 9.4950193167e-01
4.5063838363e-01 4.7691518068e-01 6.7436158657e-01 1.1480848789e+00
2.2689840198e-01 7.0064395666e-01 8.9810156822e-01 9.2435604334e-01
3.2648491859e-01 5.7648491859e-01 7.9851508141e-01 1.0485150814e+00
3.6874997616e-01 7.4375003576e-01 7.5625002384e-01 1.1312500238e+00
4.2549806833e-01 6.6349613667e-01 6.9950193167e-01 1.2115038633e+00
2.8849610686e-01 8.0049806833e-01 8.3650386333e-01 1.0745018721e+00
4.5063838363e-01 6.0191518068e-01 6.7436158657e-01 1.2730848789e+00
2.2689840198e-01 8.2564395666e-01 8.9810156822e-01 1.0493559837e+00
3.2648491859e-01 7.0148491859e-01 7.9851508141e-01 1.1735150814e+00
4.9374997616e-01 -1.3124997914e-01 8.8125002384e-01 2.5624996424e-01
5.5049806833e-01 -2.1150383353e-01 8.2450193167e-01 3.3650383353e-01
4.1349610686e-01 -7.4501916766e-02 9.6150386333e-01 1.9950191677e-01
5.7563841343e-01 -2.7308481932e-01 7.9936158657e-01 3.9808481932e-01
3.5189840198e-01 -4.9356020987e-02 1.0231015682e+00 1.7435601354e-01
4.5148491859e-01 -1.7351509631e-01 9.2351508141e-01 2.9851508141e-01
4.9374997616e-01 -6.2499791384e-03 8.8125002384e-01 3.8124996424e-01
5.5049806833e-01 -8.6503833532e-02 8.2450193167e-01 4.6150383353e-01
4.1349610686e-01 5.0498083234e-02 9.6150386333e-01 3.2450193167e-01
5.7563841343e-01 -1.4808481932e-01 7.9936158657e-01 5.2308481932e-01
3.5189840198e-01 7.5643979013e-02 1.0231015682e+00 2.9935601354e-01
4.5148491859e-01 -4.8515096307e-02 9.2351508141e-01 4.2351508141e-01
4.9374997616e-01 1.1875002086e-01 8.8125002384e-01 5.0624996424e-01
5.5049806833e-01 3.8496166468e-02 8.2450193167e-01 5.8650386333e-01
4.1349610686e-01 1.7549808323e-01 9.6150386333e-01 4.4950193167e-01
5.7563841343e-01 -2.3084819317e-02 7.9936158657e-01 6.4808481932e-01
3.5189840198e-01 2.0064398646e-01 1.0231015682e+00 4.2435601354e-01
4.5148491859e-01 7.6484903693e-02 9.2351508141e-01 5.4851508141e-01
4.9374997616e-01 2.4375002086e-01 8.8125002384e-01 6.3124996424e-01
5.5049806833e-01 1.6349616647e-01 8.2450193167e-01 7.1150386333e-01
4.1349610686e-01 3.0049806833e-01 9.6150386333e-01 5.7450193167e-01
5.7563841343e-01 1.0191518068e-01 7.9936158657e-01 7.7308481932e-01
3.5189840198e-01 3.2564398646e-01 1.0231015682e+00 5.4935604334e-01
4.5148491859e-01 2.0148490369e-01 9.2351508141e-01 6.7351508141e-01
4.9374997616e-01 3.6875003576e-01 8.8125002384e-01 7.5624996424e-01
5.5049806833e-01 2.8849616647e-01 8.2450193167e-01 8.3650386333e-01
4.1349610686e-01 4.2549806833e-01 9.6150386333e-01 6.9950193167e-01
5.7563841343e-01 2.2691518068e-01 7.9936158657e-01 8.9808481932e-01
3.5189840198e-01 4.5064398646e-01 1.0231015682e+00 6.7435604334e-01
4.5148491859e-01 3.2648491859e-01 9.2351508141e-01 7.9851508141e-01
4.9374997616e-01 4.9375003576e-01 8.8125002384e-01 8.8124996424e-01
5.5049806833e-01 4.1349616647e-01 8.2450193167e-01 9.6150386333e-01
4.1349610686e-01 5.5049806833e-01 9.6150386333e-01 8.2450193167e-01
5.7563841343e-01 3.5191518068e-01 7.9936158657e-01 1.0230848789e+00
3.5189840198e-01 5.7564395666e-01 1.0231015682e+00 7.9935604334e-01
4.5148491859e-01 4.5148491859e-01 9.2351508141e-01 9.2351508141e-01
4.9374997616e-01 6.1875003576e-01 8.8125002384e-01 1.0062500238e+00
5.5049806833e-01 5.3849613667e-01 8.2450193167e-01 1.0865038633e+00
4.1349610686e-01 6.7549806833e-01 9.6150386333e-01 9.4950193167e-01
5.7563841343e-01 4.7691518068e-01 7.9936158657e-01 1.1480848789e+00
3.5189840198e-01 7.0064395666e-01 1.0231015682e+00 9.2435604334e-01
4.5148491859e-01 5.7648491859e-01 9.2351508141e-01 1.0485150814e+00
4.9374997616e-01 7.4375003576e-01 8.8125002384e-01 1.1312500238e+00
5.5049806833e-01 6.6349613667e-01 8.2450193167e-01 1.2115038633e+00
4.1349610686e-01 8.0049806833e-01 9.6150386333e-01 1.0745018721e+00
5.7563841343e-01 6.0191518068e-01 7.9936158657e-01 1.2730848789e+00
3.5189840198e-01 8.2564395666e-01 1.0231015682e+00 1.0493559837e+00
4.5148491859e-01 7.0148491859e-01 9.2351508141e-01 1.1735150814e+00
6.1874997616e-01 -1.3124997914e-01 1.0062500238e+00 2.5624996424e-01
6.7549806833e-01 -2.1150383353e-01 9.4950193167e-01 3.3650383353e-01
5.3849613667e-01 -7.4501916766e-02 1.0865038633e+00 1.9950191677e-01
7.0063841343e-01 -2.7308481932e-01 9.2436158657e-01 3.9808481932e-01
4.7689840198e-01 -4.9356020987e-02 1.1481015682e+00 1.7435601354e-01
5.7648491859e-01 -1.7351509631e-01 1.0485150814e+00 2.9851508141e-01
6.1874997616e-01 -6.2499791384e-03 1.0062500238e+00 3.8124996424e-01
6.7549806833e-01 -8.6503833532e-02 9.4950193167e-01 4.6150383353e-01
5.3849613667e-01 5.0498083234e-02 1.0865038633e+00 3.2450193167e-01
7.0063841343e-01 -1.4808481932e-01 9.2436158657e-01 5.2308481932e-01
4.7689840198e-01 7.5643979013e-02 1.1481015682e+00 2.9935601354e-01
5.7648491859e-01 -4.8515096307e-02 1.0485150814e+00 4.2351508141e-01
6.1874997616e-01 1.1875002086e-01 1.0062500238e+00 5.0624996424e-01
6.7549806833e-01 3.8496166468e-02 9.4950193167e-01 5.8650386333e-01
5.3849613667e-01 1.7549808323e-01 1.0865038633e+00 4.4950193167e-01
7.0063841343e-01 -2.3084819317e-02 9.2436158657e-01 6.4808481932e-01
4.7689840198e-01 2.0064398646e-01 1.1481015682e+00 4.2435601354e-01
5.7648491859e-01 7.6484903693e-02 1.0485150814e+00 5.4851508141e-01
6.1874997616e-01 2.4375002086e-01 1.0062500238e+00 6.3124996424e-01
6.7549806833e-01 1.6349616647e-01 9.4950193167e-01 7.1150386333e-01
5.3849613667e-01 3.0049806833e-01 1.0865038633e+00 5.7450193167e-01
7.0063841343e-01 1.0191518068e-01 9.2436158657e-01 7.7308481932e-01
4.7689840198e-01 3.2564398646e-01 1.1481015682e+00 5.4935604334e-01
5.7648491859e-01 2.0148490369e-01 1.0485150814e+00 6.7351508141e-01
6.1874997616e-01 3.6875003576e-01 1.0062500238e+00 7.5624996424e-01
6.7549806833e-01 2.8849616647e-01 9.4950193167e-01 8.3650386333e-01
5.3849613667e-01 4.2549806833e-01 1.0865038633e+00 6.9950193167e-01
7.0063841343e-01 2.2691518068e-01 9.2436158657e-01 8.9808481932e-01
4.7689840198e-01 4.5064398646e-01 1.1481015682e+00 6.7435604334e-01
5.7648491859e-01 3.2648491859e-01 1.0485150814e+00 7.9851508141e-01
6.1874997616e-01 4.9375003576e-01 1.0062500238e+00 8.8124996424e-01
6.7549806833e-01 4.1349616647e-01 9.4950193167e-01 9.6150386333e-01
5.3849613667e-01 5.5049806833e-01 1.0865038633e+00 8.2450193167e-01
7.0063841343e-01 3.5191518068e-01 9.2436158657e-01 1.0230848789e+00
4.7689840198e-01 5.7564395666e-01 1.1481015682e+00 7.9935604334e-01
5.7648491859e-01 4.5148491859e-01 1.0485150814e+00 9.2351508141e-01
6.1874997616e-01 6.1875003576e-01 1.0062500238e+00 1.0062500238e+00
6.7549806833e-01 5.3849613667e-01 9.4950193167e-01 1.0865038633e+00
5.3849613667e-01 6.7549806833e-01 1.0865038633e+00 9.4950193167e-01
7.0063841343e-01 4.7691518068e-01 9.2436158657e-01 1.1480848789e+00
4.7689840198e-01 7.0064395666e-01 1.1481015682e+00 9.2435604334e-01
5.7648491859e-01 5.7648491859e-01 1.0485150814e+00 1.0485150814e+00
6.1874997616e-01 7.4375003576e-01 1.0062500238e+00 1.1312500238e+00
6.7549806833e-01 6.6349613667e-01 9.4950193167e-01 1.2115038633e+00
5.3849613667e-01 8.0049806833e-01 1.0865038633e+00 1.0745018721e+00
7.0063841343e-01 6.0191518068e-01 9.2436158657e-01 1.2730848789e+00
4.7689840198e-01 8.2564395666e-01 1.1481015682e+00 1.0493559837e+00
5.7648491859e-01 7.0148491859e-01 1.0485150814e+00 1.1735150814e+00
7.4374997616e-01 -1.3124997914e-01 1.1312500238e+00 2.5624996424e-01
8.0049806833e-01 -2.1150383353e-01 1.0745019913e+00 3.3650383353e-01
6.6349613667e-01 -7.4501916766e-02 1.2115038633e+00 1.9950191677e-01
8.2563841343e-01 -2.7308481932e-01 1.0493615866e+00 3.9808481932e-01
6.0189843178e-01 -4.9356020987e-02 1.2731015682e+00 1.7435601354e-01
7.0148491859e-01 -1.7351509631e-01 1.1735150814e+00 2.9851508141e-01
7.4374997616e-01 -6.2499791384e-03 1.1312500238e+00 3.8124996424e-01
8.0049806833e-01 -8.6503833532e-02 1.0745019913e+00 4.6150383353e-01
6.6349613667e-01 5.0498083234e-02 1.2115038633e+00 3.2450193167e-01
8.2563841343e-01 -1.4808481932e-01 1.0493615866e+00 5.2308481932e-01
6.0189843178e-01 7.5643979013e-02 1.2731015682e+00 2.9935601354e-01
7.0148491859e-01 -4.8515096307e-02 1.1735150814e+00 4.2351508141e-01
7.4374997616e-01 1.1875002086e-01 1.1312500238e+00 5.0624996424e-01
8.0049806833e-01 3.8496166468e-02 1.0745019913e+00 5.8650386333e-01
6.6349613667e-01 1.7549808323e-01 1.2115038633e+00 4.4950193167e-01
8.2563841343e-01 -2.3084819317e-02 1.0493615866e+00 6.4808481932e-01
6.0189843178e-01 2.0064398646e-01 1.2731015682e+00 4.2435601354e-01
7.0148491859e-01 7.6484903693e-02 1.1735150814e+00 5.4851508141e-01
7.4374997616e-01 2.4375002086e-01 1.1312500238e+00 6.3124996424e-01
8.0049806833e-01 1.6349616647e-01 1.0745019913e+00 7.1150386333e-01
6.6349613667e-01 3.0049806833e-01 1.2115038633e+00 5.7450193167e-01
8.2563841343e-01 1.0191518068e-01 1.0493615866e+00 7.7308481932e-01
6.0189843178e-01 3.2564398646e-01 1.2731015682e+00 5.4935604334e-01
7.0148491859e-01 2.0148490369e-01 1.1735150814e+00 6.7351508141e-01
7.4374997616e-01 3.6875003576e-01 1.1312500238e+00 7.5624996424e-01
8.0049806833e-01 2.8849616647e-01 1.0745019913e+00 8.3650386333e-01
6.6349613667e-01 4.2549806833e-01 1.2115038633e+00 6.9950193167e-01
8.2563841343e-01 2.2691518068e-01 1.0493615866e+00 8.9808481932e-01
6.0189843178e-01 4.5064398646e-01 1.2731015682e+00 6.7435604334e-01
7.0148491859e-01 3.2648491859e-01 1.1735150814e+00 7.9851508141e-01
7.4374997616e-01 4.9375003576e-01 1.1312500238e+00 8.8124996424e-01
8.0049806833e-01 4.1349616647e-01 1.0745019913e+00 9.6150386333e-01
6.6349613667e-01 5.5049806833e-01 1.2115038633e+00 8.2450193167e-01
8.2563841343e-01 3.5191518068e-01 1.0493615866e+00 1.0230848789e+00
6.0189843178e-01 5.7564395666e-01 1.2731015682e+00 7.9935604334e-01
7.0148491859e-01 4.5148491859e-01 1.1735150814e+00 9.2351508141e-01
7.4374997616e-01 6.1875003576e-01 1.1312500238e+00 1.0062500238e+00
8.0049806833e-01 5.3849613667e-01 1.0745019913e+00 1.0865038633e+00
6.6349613667e-01 6.7549806833e-01 1.2115038633e+00 9.4950193167e-01
8.2563841343e-01 4.7691518068e-01 1.0493615866e+00 1.1480848789e+00
6.0189843178e-01 7.0064395666e-01 1.2731015682e+00 9.2435604334e-01
7.0148491859e-01 5.7648491859e-01 1.1735150814e+00 1.0485150814e+00
7.4374997616e-01 7.4375003576e-01 1.1312500238e+00 1.1312500238e+00
8.0049806833e-01 6.6349613667e-01 1.0745019913e+00 1.2115038633e+00
6.6349613667e-01 8.0049806833e-01 1.2115038633e+00 1.0745018721e+00
8.2563841343e-01 6.0191518068e-01 1.0493615866e+00 1.2730848789e+00
6.0189843178e-01 8.2564395666e-01 1.2731015682e+00 1.0493559837e+00
7.0148491859e-01 7.0148491859e-01 1.1735150814e+00 1.1735150814e+00
-1.6250002384e-01 -1.6249996424e-01 4.1250002384e-01 4.1249996424e-01
-7.8293219209e-02 -2.8158634901e-01 3.2829320431e-01 5.3158634901e-01
-2.8158643842e-01 -7.8293174505e-02 5.3158640862e-01 3.2829317451e-01
-4.0988206863e-02 -3.7296459079e-01 2.9098820686e-01 6.2296462059e-01
-3.7298947573e-01 -4.0979906917e-02 6.2298947573e-01 2.9097992182e-01
-2.0607307553e-01 -2.0607307553e-01 4.5607307553e-01 4.5607307553e-01
-1.6250002384e-01 8.7500035763e-02 4.1250002384e-01 6.6249996424e-01
-7.8293219209e-02 -3.1586349010e-02 3.2829320431e-01 7.8158634901e-01
-2.8158643842e-01 1.7170682549e-01 5.3158640862e-01 5.7829320431e-01
-4.0988206863e-02 -1.2296459079e-01 2.9098820686e-01 8.7296462059e-01
-3.7298947573e-01 2.0902009308e-01 6.2298947573e-01 5.4097992182e-01
-2.0607307553e-01 4.3926924467e-02 4.5607307553e-01 7.0607304573e-01
-1.6250002384e-01 3.3750003576e-01 4.1250002384e-01 9.1249996424e-01
-7.8293219209e-02 2.1841365099e-01 3.2829320431e-01 1.0315864086e+00
-2.8158643842e-01 4.2170682549e-01 5.3158640862e-01 8.2829320431e-01
-4.0988206863e-02 1.2703540921e-01 2.9098820686e-01 1.1229646206e+00
-3.7298947573e-01 4.5902007818e-01 6.2298947573e-01 7.9097992182e-01
-2.0607307553e-01 2.9392692447e-01 4.5607307553e-01 9.5607304573e-01
-1.6250002384e-01 5.8750003576e-01 4.1250002384e-01 1.1624999046e+00
-7.8293219209e-02 4.6841365099e-01 3.2829320431e-01 1.2815864086e+00
-2.8158643842e-01 6.7170679569e-01 5.3158640862e-01 1.0782932043e+00
-4.0988206863e-02 3.7703540921e-01 2.9098820686e-01 1.3729646206e+00
-3.7298947573e-01 7.0902007818e-01 6.2298947573e-01 1.0409798622e+00
-2.0607307553e-01 5.4392695427e-01 4.5607307553e-01 1.2060730457e+00
8.7499976158e-02 -1.6249996424e-01 6.6250002384e-01 4.1249996424e-01
1.7170678079e-01 -2.8158634901e-01 5.7829320431e-01 5.3158634901e-01
-3.1586438417e-02 -7.8293174505e-02 7.8158640862e-01 3.2829317451e-01
2.0901179314e-01 -3.7296459079e-01 5.4098820686e-01 6.2296462059e-01
-1.2298947573e-01 -4.0979906917e-02 8.7298947573e-01 2.9097992182e-01
4.3926924467e-02 -2.0607307553e-01 7.0607304573e-01 4.5607307553e-01
8.7499976158e-02 8.7500035763e-02 6.6250002384e-01 6.6249996424e-01
1.7170678079e-01 -3.1586349010e-02 5.7829320431e-01 7.8158634901e-01
-3.1586438417e-02 1.7170682549e-01 7.8158640862e-01 5.7829320431e-01
2.0901179314e-01 -1.2296459079e-01 5.4098820686e-01 8.7296462059e-01
-1.2298947573e-01 2.0902009308e-01 8.7298947573e-01 5.4097992182e-01
4.3926924467e-02 4.3926924467e-02 7.0607304573e-01 7.0607304573e-01
8.7499976158e-02 3.3750003576e-01 6.6250002384e-01 9.1249996424e-01
1.7170678079e-01 2.1841365099e-01 5.7829320431e-01 1.0315864086e+00
-3.1586438417e-02 4.2170682549e-01 7.8158640862e-01 8.2829320431e-01
2.0901179314e-01 1.2703540921e-01 5.4098820686e-01 1.1229646206e+00
-1.2298947573e-01 4.5902007818e-01 8.7298947573e-01 7.9097992182e-01
4.3926924467e-02 2.9392692447e-01 7.0607304573e-01 9.5607304573e-01
8.7499976158e-02 5.8750003576e-01 6.6250002384e-01 1.1624999046e+00
1.7170678079e-01 4.6841365099e-01 5.7829320431e-01 1.2815864086e+00
-3.1586438417e-02 6.7170679569e-01 7.8158640862e-01 1.0782932043e+00
2.0901179314e-01 3.7703540921e-01 5.4098820686e-01 1.3729646206e+00
-1.2298947573e-01 7.0902007818e-01 8.7298947573e-01 1.0409798622e+00
4.3926924467e-02 5.4392695427e-01 7.0607304573e-01 1.2060730457e+00
3.3749997616e-01 -1.6249996424e-01 9.1250002384e-01 4.1249996424e-01
4.2170679569e-01 -2.8158634901e-01 8.2829320431e-01 5.3158634901e-01
2.1841356158e-01 -7.8293174505e-02 1.0315864086e+00 3.2829317451e-01
4.5901179314e-01 -3.7296459079e-01 7.9098820686e-01 6.2296462059e-01
1.2701052427e-01 -4.0979906917e-02 1.1229894161e+00 2.9097992182e-01
2.9392692447e-01 -2.0607307553e-01 9.5607304573e-01 4.5607307553e-01
3.3749997616e-01 8.7500035763e-02 9.1250002384e-01 6.6249996424e-01
4.2170679569e-01 -3.1586349010e-02 8.2829320431e-01 7.8158634901e-01
2.1841356158e-01 1.7170682549e-01 1.0315864086e+00 5.7829320431e-01
4.5901179314e-01 -1.2296459079e-01 7.9098820686e-01 8.7296462059e-01
1.2701052427e-01 2.0902009308e-01 1.1229894161e+00 5.4097992182e-01
2.9392692447e-01 4.3926924467e-02 9.5607304573e-01 7.0607304573e-01
3.3749997616e-01 3.3750003576e-01 9.1250002384e-01 9.1249996424e-01
4.2170679569e-01 2.1841365099e-01 8.2829320431e-01 1.0315864086e+00
2.1841356158e-01 4.2170682549e-01 1.0315864086e+00 8.2829320431e-01
4.5901179314e-01 1.2703540921e-01 7.9098820686e-01 1.1229646206e+00
1.2701052427e-01 4.5902007818e-01 1.1229894161e+00 7.9097992182e-01
2.9392692447e-01 2.9392692447e-01 9.5607304573e-01 9.5607304573e-01
3.3749997616e-01 5.8750003576e-01 9.1250002384e-01 1.1624999046e+00
4.2170679569e-01 4.6841365099e-01 8.2829320431e-01 1.2815864086e+00
2.1841356158e-01 6.7170679569e-01 1.0315864086e+00 1.0782932043e+00
4.5901179314e-01 3.7703540921e-01 7.9098820686e-01 1.3729646206e+00
1.2701052427e-01 7.0902007818e-01 1.1229894161e+00 1.0409798622e+00
2.9392692447e-01 5.4392695427e-01 9.5607304573e-01 1.2060730457e+00
5.8749997616e-01 -1.6249996424e-01 1.1625000238e+00 4.1249996424e-01
6.7170679569e-01 -2.8158634901e-01 1.0782932043e+00 5.3158634901e-01
4.6841356158e-01 -7.8293174505e-02 1.2815864086e+00 3.2829317451e-01
7.0901179314e-01 -3.7296459079e-01 1.0409882069e+00 6.2296462059e-01
3.7701052427e-01 -4.0979906917e-02 1.3729894161e+00 2.9097992182e-01
5.4392695427e-01 -2.0607307553e-01 1.2060730457e+00 4.5607307553e-01
5.8749997616e-01 8.7500035763e-02 1.1625000238e+00 6.6249996424e-01
6.7170679569e-01 -3.1586349010e-02 1.0782932043e+00 7.8158634901e-01
4.6841356158e-01 1.7170682549e-01 1.2815864086e+00 5.7829320431e-01
7.0901179314e-01 -1.2296459079e-01 1.0409882069e+00 8.7296462059e-01
3.7701052427e-01 2.0902009308e-01 1.3729894161e+00 5.4097992182e-01
5.4392695427e-01 4.3926924467e-02 1.2060730457e+00 7.0607304573e-01
5.8749997616e-01 3.3750003576e-01 1.1625000238e+00 9.1249996424e-01
6.7170679569e-01 2.1841365099e-01 1.0782932043e+00 1.0315864086e+00
4.6841356158e-01 4.2170682549e-01 1.2815864086e+00 8.2829320431e-01
7.0901179314e-01 1.2703540921e-01 1.0409882069e+00 1.1229646206e+00
3.7701052427e-01 4.5902007818e-01 1.3729894161e+00 7.9097992182e-01
5.4392695427e-01 2.9392692447e-01 1.2060730457e+00 9.5607304573e-01
5.8749997616e-01 5.8750003576e-01 1.1625000238e+00 1.1624999046e+00
6.7170679569e-01 4.6841365099e-01 1.0782932043e+00 1.2815864086e+00
4.6841356158e-01 6.7170679569e-01 1.2815864086e+00 1.0782932043e+00
7.0901179314e-01 3.7703540921e-01 1.0409882069e+00 1.3729646206e+00
3.7701052427e-01 7.0902007818e-01 1.3729894161e+00 1.0409798622e+00
5.4392695427e-01 5.4392695427e-01 1.2060730457e+00 1.2060730457e+00
-1.3125002384e-01 -1.3124996424e-01 6.3125002384e-01 6.3124996424e-01
-1.9584476948e-02 -2.8916883469e-01 5.1958447695e-01 7.8916883469e-01
-2.8916895390e-01 -1.9584417343e-02 7.8916895390e-01 5.1958441734e-01
2.9885202646e-02 -4.1034436226e-01 4.7011479735e-01 9.1034436226e-01
-4.1037738323e-01 2.9896214604e-02 9.1037738323e-01 4.7010380030e-01
-1.7555111647e-01 -1.7555111647e-01 6.7555111647e-01 6.7555111647e-01
-1.3125002384e-01 3.6875003576e-01 6.3125002384e-01 1.1312499046e+00
-1.9584476948e-02 2.1083116531e-01 5.1958447695e-01 1.2891688347e+00
-2.8916895390e-01 4.8041558266e-01 7.8916895390e-01 1.0195844173e+00
2.9885202646e-02 8.9655637741e-02 4.7011479735e-01 1.4103443623e+00
-4.1037738323e-01 5.2989619970e-01 9.1037738323e-01 9.7010380030e-01
-1.7555111647e-01 3.2444888353e-01 6.7555111647e-01 1.1755511761e+00
3.6874997616e-01 -1.3124996424e-01 1.1312500238e+00 6.3124996424e-01
4.8041552305e-01 -2.8916883469e-01 1.0195844173e+00 7.8916883469e-01
2.1083104610e-01 -1.9584417343e-02 1.2891689539e+00 5.1958441734e-01
5.2988517284e-01 -4.1034436226e-01 9.7011482716e-01 9.1034436226e-01
8.9622616768e-02 2.9896214604e-02 1.4103773832e+00 4.7010380030e-01
3.2444888353e-01 -1.7555111647e-01 1.1755511761e+00 6.7555111647e-01
3.6874997616e-01 3.6875003576e-01 1.1312500238e+00 1.1312499046e+00
4.8041552305e-01 2.1083116531e-01 1.0195844173e+00 1.2891688347e+00
2.1083104610e-01 4.8041558266e-01 1.2891689539e+00 1.0195844173e+00
5.2988517284e-01 8.9655637741e-02 9.7011482716e-01 1.4103443623e+00
8.9622616768e-02 5.2989619970e-01 1.4103773832e+00 9.7010380030e-01
3.2444888353e-01 3.2444888353e-01 1.1755511761e+00 1.1755511761e+00
2.4999976158e-02 2.5000035763e-02 9.7500002384e-01 9.7499996424e-01
1.6412425041e-01 -1.7175137997e-01 8.3587574959e-01 1.1717513800e+00
-1.7175149918e-01 1.6412431002e-01 1.1717514992e+00 8.3587568998e-01
2.2575861216e-01 -3.2272410393e-01 7.7424138784e-01 1.3227241039e+00
-3.2276523113e-01 2.2577232122e-01 1.3227652311e+00 7.7422767878e-01
1.2660294771e-02 1.2660294771e-02 9.8733973503e-01 9.8733973503e-01
